t0
116.76966254254245 113.74079568296631
104.60765644399214 142.05381001281043
0.5352776210990506 28.32359885004432
19.321198965828607 41.2719403323389
94.16037711054162 24.713464633574546
120.12863410980792 46.09046055588192
100.04649186957373 23.084753852390445
99.58140741561833 17.920084566257888
5.692955892272655 10.126283545557973
130.4659489365034 40.67299701933263
101.5989094762249 105.61124112953514
14.4864374481473 6.325046159803216
134.4201975949574 3.5746901276430822
69.21426066572467 89.04537980000956
118.77763358079179 14.654433293029733
15.725283676734437 35.11257153373851
37.39490266978957 127.28867951049416
142.79488320628408 37.17077729141812
63.14900162891069 61.04539263268247
59.86096983954348 57.85602027582301
86.53186902996404 61.19409578456916
121.47571509650159 78.76753191528134
48.994151768884656 14.438406374804952
63.33363627278405 83.15497491128617
97.871606849199 2.629006978384857
15.778192845396582 126.67745807099618
20.939052758915356 9.302281360477854
2.9496407873764285 124.95994675252666
102.10991046136978 149.47425736097452
96.34769314177255 14.377857145117112
101.07077615816141 81.60502946224217
63.85403611682349 96.14881210367301
145.53658634998766 123.78348766089151
11.408815895849244 11.165329288574544
29.815138901189165 29.61998666697377
93.18503647889511 44.48375641709859
67.11857232034365 70.13651404094847
9.78432588950781 114.56886208048509
147.8490012275819 32.07631218969505
6.622600126058664 51.5129340708543
124.36685103987149 112.89122867388193
139.12657855664352 133.89142259108863
84.63101338113749 104.4842740677686
116.86959731327472 131.72921529310025
37.843504360987026 39.272759725560164
58.49248653415688 49.433539370618874
32.757676847760706 79.88558571993816
107.74257580287795 131.3588356616283
91.6943495917428 140.81487750811934
131.68819996145047 72.9192641658798
46.287076881522395 113.51158663128147
115.0003951800121 33.525903295865014
115.43463416957732 94.05725029665746
52.916968746894476 145.92406301682897
5.420773956657198 131.87683272504867
145.3026102999221 129.2241944722884
30.369364833961686 142.60335685690814
149.1836253722468 44.696130312664906
39.4948153013397 125.6932458398218
67.76568899948305 11.52573921218526
72.49673334611386 56.65751899720373
4.6415420475228615 61.66678189171347
145.10389862677064 22.65976354841644
48.47383578578457 93.76627947650142
52.52243108650868 142.98571360781526
110.61281862761564 56.162458325300584
126.36829021475756 70.66491536625153
17.00229450916133 141.07064878643916
132.70430771495668 7.88345016088795
11.369952711255078 59.36015091392227
69.85111278923284 14.234683332380937
5.524785022496942 38.51675947273118
89.6513229473932 88.18519733065119
89.93701336793221 131.36987357895964
47.444177890029025 7.165384006006836
35.40279813227067 148.48488612230497
141.91732107521426 60.61357325840815
20.15097059483455 1.482040936922152
116.66360926311353 22.201237923096386
43.29320079858023 34.29945313018965
1.2596633173309502 17.842534396017136
51.01853487715941 126.08448650211022
9.231987497535115 144.34877597204422
88.76176155349155 97.14363763223527
106.77435196729638 60.53764425696985
87.01148671275169 72.5331170733364
115.57186082262115 117.96505763262024
118.15386153476466 88.41262555797027
21.773757124026744 98.33755887767255
83.36322000315074 81.35196391481136
84.8959935824193 109.1141788548394
25.049889841552343 70.16938409864004
14.23971643561734 29.254563966941564
138.66178318216765 73.54276786402791
17.952720542527977 93.85641684467815
146.02139171125597 2.1773765311070505
2.964157183353733 76.2982144292751
88.07953023237872 4.500946828858188
32.17042737676377 140.11681868915903
111.60529297952037 35.10769590002102
33.08114173523366 102.26472160636371
79.4369814848929 21.06415990202992
76.94309427208869 115.57492519133909
36.42719843263139 35.953659360575166
146.59857424670065 148.58598435314752
0.9683663820063304 103.56140971584487
20.10951902371014 26.624791428714055
29.2308393471256 63.43388890976154
135.75454296138165 101.89578755274994
74.13877613639868 20.385013196789163
115.30174853198764 23.874331406679776
133.20956201135897 98.2255303027449
109.5526611411072 32.54683669478409
27.157734746986673 138.57446740103995
93.77394087641036 47.88547021213041
119.48675001491273 65.2422418253177
16.672457374847905 122.70106921738036
124.94149882575701 120.18061712705776
3.5707774545070956 134.90151705196217
101.85594477251458 12.857177553587796
1.1052573469559068 107.81672481694532
99.19622287368956 40.77025699916762
143.45521376935886 106.16557648719191
18.967393279006618 36.96922143449509
70.33272975286023 94.36943948289344
48.02658100093925 143.3356833854865
58.888335647348015 126.10371092698391
41.03658507623779 6.121263785508718
79.64462280225368 138.470726934292
58.01943815050108 88.09039993240312
82.53963871845 34.129064551642244
51.85143164904788 57.50236628513813
30.2839577173614 74.68593040522121
93.1094409643886 126.1615792325841
112.30415724853461 132.11800918523534
133.368432937392 142.6012173263089
43.51227521794855 121.80486170964596
143.70342438383696 13.03163680147562
125.61331035937646 44.71680645991336
139.5143332446768 55.52632108598705
7.404333956249881 62.58205191209394
86.52293833163101 85.7355139937664
79.9494714055953 112.55726214237424
137.9485042972534 26.568919883947405
48.21093175363748 47.539677921460836
70.41910114406792 56.2872060878248
45.9097980500409 29.19217209230037
23.492327169961865 8.457633189481212
3.470350703553299 108.81490920017805
116.02137386159536 122.58821205887644
110.91282438816766 41.10637591527818
64.69570920910718 122.93948961907029
69.7031704556981 38.73463630460993
97.50186510196426 117.16248681454425
78.70202300691999 46.5165863308526
135.5868517015243 70.81986271637948
13.492046980015221 39.314121566132
112.96913392551134 103.4667067851889
72.17340627376191 52.84312229121069
108.04019634737561 89.40460858656219
121.02734248205135 133.20238269166117
46.05032773217204 89.24152643547662
24.739934164859335 34.71908549534014
86.39858044769124 17.410536089119212
17.791238255558177 93.73570913337254
75.0780704993507 6.398722625642256
118.44345388312044 24.197459143291134
54.999312688053266 48.846018469754334
116.95731810556254 51.71196296677198
47.96828725360545 7.280966257083843
45.33549436643156 112.42395610115246
31.08007419684153 124.11156717694503
102.2993945064712 69.26190438876482
10.357616481430675 97.78527876572404
82.27123738035378 47.46350731839746
70.17920847661591 118.63072191792392
18.932600873048745 86.7700309031295
101.86404441130522 18.807948782083823
78.19658962862057 26.200528383907855
8.596113437424712 96.69465011522591
83.05165885537791 147.18602481617805
70.44174621912504 148.74806093943695
107.25625921123208 149.27817849058172
147.74118074324238 0.8894675896480964
29.985409675706936 83.26913180609405
47.72103144713281 81.39856733572148
90.61138985677016 86.8991618315591
38.28080285371469 45.47321335679197
148.3536135347179 17.32142277323552
28.95682910254645 85.45808183147456
34.728189558618546 39.98054067401244
57.87178212875557 25.380079681976586
46.891248579298185 119.79210297468802
109.7538873331791 74.11343007020757
124.08475251940536 125.63751640292922
44.98046589940418 41.1524937794774
19.59732224217135 2.77362542887169
148.09444699359778 5.672273966111119
41.74110328596024 18.26599076685806
2.795789398708226 124.03716646208947
14.269580933708509 86.86168396187138
94.36401678806949 149.06688417956107
22.028196536277743 87.60114108552708
71.57143528173347 74.72931034941621
19.203232159430485 125.11465073317423
114.05321328997188 81.20450084473484
115.73459283924149 143.0492772342296
134.87107740800056 3.809809932126557
12.861106376067644 45.92435194174325
17.608713623451145 136.60646012693064
119.60503677565588 69.32245223742213
75.14178986828551 31.79305034320712
121.66450828864474 137.49864911749717
109.51367445078155 3.557577705935561
38.71331649037975 71.95047471162216
126.80445601308125 71.88879237800953
1.7082628349811446 140.35750533896217
24.09786917703785 5.079116361830572
12.33222317701837 42.60218589262108
140.62606450045732 79.07948897921683
1.170315205130451 140.75787589530375
28.810382074818076 67.44288042980483
91.29653292314059 53.31790781590247
21.52756598553796 4.924882584259977
71.4654666786896 67.28897861849865
46.73237878952391 113.66085215247635
57.5404782479323 145.73735065365508
33.18206480959718 98.62897669529188
126.78468034796185 85.01805800751949
78.96513924461094 24.414076963417493
24.489200543531858 146.20215612013396
26.771836662361633 141.33979222740209
3.565696350903913 106.51806615278024
144.19826596415547 34.22620977853979
100.29424677642278 60.21977540910448
48.09877440426985 142.40054898551077
93.65742153700893 96.87226625362702
47.24552599109349 126.34157878813383
34.526195868515174 30.19515657826674
106.88162932636773 113.33134869928152
117.46994940093668 40.326976597052706
90.63063381350904 5.734277295404933
2.8730705065969975 78.56929302840135
54.52447646635502 17.69353438396873
16.243776190799746 9.652290714645439
103.41276458898864 115.9542143956652
13.641212611188442 4.5484805942168585
111.9046014620843 122.6744334055995
25.72615031220159 135.47189457243056
129.36144890363425 122.10772764387714
144.41589603089307 56.46562633195974
116.80411847516375 51.22822556651036
47.009231697579516 111.83661821576756
42.322963600080996 59.174770349787195
137.11190363938698 63.484854547955294
21.498334296732747 101.91926420101974
54.064066975378076 146.14267278788535
40.165261512174354 42.08144831948492
94.82995658639447 129.84305883969645
114.71499404103334 17.237163453899612
21.596173179789034 66.13410005935182
60.045831549341315 51.47588290166319
34.432841954489376 122.11698867967284
68.69232470924923 140.08858106443034
71.25281432789994 134.18019170225932
6.9169288779116656 96.99737225366191
4.56568571716105 65.11191301009558
21.38979850726238 2.4186138159745685
68.92886933848969 39.282284823875834
44.16490026865628 67.98289556081026
129.9678304573499 4.887730618048552
96.04438950490805 39.475299147086304
110.94746612569162 40.3404825007131
60.07535940414597 60.02199371296181
139.35933142969475 148.17093970703405
135.2161311842597 118.10377173164424
62.23337350240934 20.09959274892782
96.42332755897505 64.55022258661226
75.93317129334332 95.94569450789366
84.23052837672769 107.64216035753786
5.251394719532937 77.89467395602435
5.907390214423202 127.76322568966462
26.544754507994085 105.37466954619923
149.50150646270404 57.489301343952164
24.448913094729534 90.83029867873361
93.37936055634802 24.53779692203815
38.063405544463706 138.37034290765033
80.60731925572367 76.22503143510167
87.22085197886645 7.353801952204137
141.86583725717745 2.763052415075329
67.03601367767747 87.11974827445798
31.192903083691785 133.28670714951576
39.00732564330805 104.32143638183159
28.23548363159814 133.5141257706636
131.81113070770144 6.66062882612064
42.785933721911555 125.64128021052932
107.03837659022824 38.60757241569948
95.03576889051355 102.84266140855063
104.58228945844152 132.21439959373646
17.439977515133926 68.64018114194023
54.457084372605415 107.07068174394678
64.5053400322104 101.61258039489941
94.43241678592406 14.401243241718086
149.7567802404857 82.3049372377456
144.08160457558066 144.26612201958457
58.06309914063494 110.77650534079372
131.396708043612 118.69499846722223
76.29094277270205 101.6644075198839
8.908497207512816 35.68426171403875
19.68249915242427 140.7674109264986
115.80943178324635 6.520567650506931
70.60389530510272 92.45007561289852
134.61399337939284 5.493839466331413
34.47952139029258 15.271941244078867
96.76063157468658 144.25385920389988
115.31021740042982 1.4539480452188724
137.77664122633036 101.78394985333603
134.57510164317318 141.5561161200074
38.361782902483135 123.05430434316078
68.34810254615337 114.16406363800002
72.32409560186291 49.124326359762364
92.83789098421762 131.7309409338418
22.70496832651648 116.94229847274052
9.406858242728006 30.915744523731608
15.798579512719108 17.902250129098242
71.47045760061742 81.87468677990908
23.89819429495401 8.828974481660445
103.958025240752 106.73221143477947
126.43987372814775 22.3455347672724
16.572078625500698 78.77050788084011
18.370076994135943 74.31302054561509
56.66292083846749 129.27629108582028
21.801439207682595 54.40477727632613
21.79368480668148 87.17227344344235
122.76003101299477 30.979230971359
43.068004692352844 133.89538011182313
109.64466846166466 138.74417277638145
73.99537063985498 23.97828210486183
122.14582865517117 86.6659039192325
108.45071301264343 74.61506526622686
102.19790776968442 54.9789253108768
41.42440526340096 99.47191439648788
118.10826878129 3.713110261595931
55.44199762326416 85.122104765473
15.521371243447163 116.99840285324638
20.351501684189888 49.879969446772805
88.19336371846276 137.56124443828173
7.6280799083394415 124.27576273715154
46.685698304280834 75.72789174931977
69.33560152312226 49.90379302064707
5.705449412232899 107.23928071161035
34.72249275451191 106.49683679793203
82.75132751141315 21.007952246870854
81.33233227396856 128.59510472955893
21.45014431320777 112.2644927193568
106.10074526662108 18.506903459632007
127.12756891105217 50.40910106274671
122.71866334981787 116.97765272579707
7.0442136583176715 25.27032783590302
53.50354542082666 20.325799836107954
80.79460286538497 97.7506278366164
54.976302526846624 81.15774604960545
102.7198360764941 62.28661811135321
70.54077455391645 120.18335969547118
88.08843908610197 121.85611391885061
49.258718390450916 90.32089546318741
101.17392562226681 13.016153064778107
6.2669536313990974 100.06209043914544
99.27810181134593 146.65435354916607
56.36163985186553 134.9786421188951
82.94859632420426 51.68407999497274
72.55024844697726 100.96038817322811
65.00618030479866 17.123046740507032
54.7242807444135 47.10897083920807
148.07700622240196 145.08156321458816
80.22065319002351 54.65154358268185
60.81815001661811 41.773784209834155
17.00847098067877 30.42544195968976
13.28931262144536 128.28250848217397
97.05915527803663 71.71174031988409
143.47262717578943 81.39061607485029
111.53530999238485 85.91454494451989
63.94649095154812 30.18207254164581
131.5784234580866 13.900932640486758
14.504095687084217 65.56051001877358
38.403837304238465 64.99750116583564
115.05539444198502 100.48817031310813
40.2466457120244 92.60334009197058
110.6013807030257 23.172820007619116
141.47370451435012 50.202088328703084
146.21641042799894 117.09202027882897
132.3199109660346 143.97006967259065
4.769457179106473 50.51598486565826
136.5636845627378 1.0718707960632956
131.16562728765058 37.85125830891346
5.774612437385763 35.65419831267368
86.95898245685586 10.863352117784503
53.20032724606158 61.1944091154887
33.69653244616147 53.739053468519984
139.97007251505977 59.58939250436985
147.8772428652522 112.51621167237225
52.045949904403486 50.697013055137894
38.18168636923578 51.04506564927536
95.62275490616985 10.136045225591877
65.03598313467948 98.16079932278201
102.74262011370836 17.337671223477386
74.66303832090598 98.85902099396407
80.4370930308843 137.10453846805433
85.74592454540819 97.09719616029025
137.32869554394074 88.41078847750946
135.53987174646556 44.42512244867384
79.31412655013418 98.66326411745597
17.734501076024827 143.41167999381318
132.61683712326413 5.0915164471394325
63.256695702567306 73.12536773823575
121.44783846066012 119.94954605289321
24.342725067593495 147.49034640041603
20.967477973863875 30.55933141247905
66.07861397231794 21.832361488161144
112.82023845432583 139.32472953748075
27.848828857744255 25.410397160867443
32.74900263569788 3.2708113640194103
92.04009506868796 124.16706694978882
51.61989562210144 45.650180982683175
51.37067351037536 40.69674795910544
35.44591425297232 7.093308234111456
109.46331102166704 63.804351461042515
115.93482085048421 26.70902903005804
77.01563547794403 145.69516653969035
53.8586415683236 0.6655852963462328
56.065488600121135 117.38918086136553
17.709278294849124 10.958993321694626
15.476096414307506 75.38949311522823
83.1335706227413 39.31818289802022
27.61008913544255 31.858663471716092
104.40523482786904 142.17472667022784
70.11033678297515 144.87896626067203
91.46932211583567 34.16573058439127
81.30483105760872 52.01007534778308
60.072861521467544 129.22363230255272
36.703015178101964 32.93304201773966
102.26518973765462 24.57500326723587
78.70999359850198 143.01247731885746
60.610683680103136 61.21714396587612
108.56619393956034 98.05459597155915
96.21010802272465 142.11704369323297
137.79355577851751 39.22939096283038
123.88459099804734 121.59002435952061
105.4210901672765 120.3087238515295
32.35538287783554 116.32830712478047
3.9552479034821895 145.20243183491496
64.07618834595638 23.283299652289752
13.592711488796061 91.81288213568067
53.57195988303359 115.13513258920024
135.33965747017132 66.94080172872907
11.144526169053343 121.14193547280665
114.45359841479481 41.235430758855024
65.96275537375843 125.63768923483609
78.56905267362632 111.76880234377197
90.61149089129273 86.88649847164884
137.7698891961696 122.91313172622229
113.7831635001687 14.103765554891561
37.14965179983605 112.90364278423708
126.0198298440298 106.5784953676658
56.63209999007409 29.27456676315409
61.217637432467924 57.48959596010507
106.24059073653008 60.66808215170361
126.36386054839035 30.372189228932672
140.9948802353495 46.14482978751817
139.96781472444053 62.584259522202956
14.222957753292587 5.787459499003039
3.5566947779891223 69.53126167085838
7.504243035503055 64.20829885461004
27.0273807719787 32.9659100314045
73.5666907228231 141.5780321345033
80.57391820361187 96.18661462684517
94.25762891886988 86.4197177090942
80.25149132764334 58.362426095320494
100.86629176103484 121.0035401612697
49.302318915509716 57.122357982340205
0.42137707547708625 130.4801981887674
30.373360843256712 135.72590650572445
68.60181222896767 21.559216103790895
68.32352872796983 13.999834055687533
62.22207292349248 67.63326221206363
56.97808210023247 136.3596431682584
49.17959609469907 135.73751502138595
104.87597226696191 18.8652851989015
88.73246147746767 63.98732191033117
12.613699808222718 8.77809892289636
105.11784626891324 37.43715195301614
22.064817809448773 75.53468989702911
53.08942846159959 48.3346105428872
3.701916023865559 102.63463624653757
117.86510729656828 5.097040212329102
42.028230236513956 24.509909872777463
27.310881673191144 121.01278443790106
39.20579976175986 15.01858463677817
81.67531694027963 120.56907503201441
28.219377210261094 121.4532616367302
11.720137758466526 141.74405863790471
68.11922093698325 146.70252284895258
118.21109943821551 8.788683974896589
125.22741748792393 106.93327699819302
143.14068348872286 140.5879167780178
44.762731541017246 112.51242956525725
142.10756184883914 37.159440397867385
122.63671846065904 138.15236605270985
19.491065459578767 35.157140047108264
36.60295731611837 76.8976783945195
77.60186662040752 55.238030356007904
120.31236063709846 71.67770965814168
52.18885048507976 9.073025823899073
122.85754737583692 132.99464657321045
91.51941798485474 24.78816597886081
116.20106238180942 49.81970029960541
1.8644842122946315 111.27435902780293
123.50512699859593 111.00697359779119
68.40553203692637 117.56710104396936
64.2504390956569 102.23785968816796
17.29013577570459 123.24587791174547
47.48959289844756 89.56735578896716
9.402023005069992 43.315713124440705
59.37548086345666 78.60214927534301
82.14539469529637 111.49564542177342
105.89059017585473 141.899989833877
87.59119772301085 113.34310939155519
98.54010499764233 27.698184082910913
29.27103187165218 135.68689288549078
50.626843180355614 77.06966430460817
38.965235144579246 95.82907698594703
41.97249058233857 83.2378485038305
57.403781807420145 18.718598312499136
121.86647148407278 135.3827077345865
9.927061426623373 127.51268193595777
106.29683359394119 106.82246548110768
131.0394425475047 3.7502031177283235
117.7383863708222 116.09684126718845
69.28930071135416 62.792710557864886
11.940158672977308 74.00355185846895
110.03835340689496 74.67958378257832
38.17119410926238 5.001303416711228
125.1109979594385 115.43553129160881
80.56161357926263 70.19692633314969
141.86662127983539 50.90954026835902
50.731051665179116 29.145344810197216
64.39727127006786 80.06848499922394
34.452749628822964 89.32885624514623
105.95829290459478 34.37671912270378
30.187243967672 46.02256213249634
106.68521246677763 60.43169002042123
88.87104937736146 99.52847797338109
126.58790113569968 86.76810534627977
35.204288413566225 74.86027124440766
30.849771528315777 128.96871565282188
100.09503714783649 56.928887331176185
117.85965815653928 47.61385463342154
105.04167493898348 48.31748898154836
148.08652220550184 97.75636199861444
86.62811220619507 110.69969331678028
141.94887118752752 69.52141279533521
136.43734786011063 103.86177960466863
2.963677028816086 94.00634408844404
128.42926214424466 149.80696155847306
49.57290990300271 45.20457084238261
85.95846727142552 45.37468794152164
88.68379939075275 4.416452828427975
19.312613066284857 44.68205893084624
79.82342710181888 32.1622138784324
36.0228173261885 137.12705638385535
12.256225547179206 81.50632682190985
100.73387740435987 84.97879835257302
24.95819437635688 94.87528327933914
113.52677584079505 144.1700653875001
40.154177521623936 41.74280787420881
91.07045347295342 7.909058321956486
14.530403504609623 31.216544842808684
58.56058179711873 55.404394784685714
45.21620064751301 79.74227074469985
143.20309475339727 50.26986370343078
92.32489797020745 29.406502806446262
107.0491144448692 68.11941035843668
61.049550393891025 75.13230105503492
64.72074607468868 41.21066342117332
148.9752213590451 14.299959319281896
75.32628619525835 25.635920910594205
31.0036587688601 28.762440794327983
119.39631597906669 132.0374112064939
82.85207959296905 137.0513157064435
116.63359439905686 132.84042897472168
64.90496956264492 82.87373033019955
95.7198151572352 83.91078275600368
91.84320319626121 140.2830295540212
109.32832077225562 27.865578106743456
88.17984164749456 55.56910725705252
128.22648684820027 104.16872909682154
48.98629301050272 91.77014829008363
84.19420661783103 11.950788618003767
134.7404258770596 103.4716864790478
90.12118593947018 137.18924664585046
85.57108890016127 23.355145750816124
53.66745319484953 33.60887840303674
97.06877338775216 67.81540405416139
41.27648340187054 126.20723647825929
96.29341932959368 88.32088357814428
119.02327103572671 87.628739219051
104.30768008225445 108.38236340494777
14.070609541038692 68.30986561420302
92.32329424616671 59.77570371031768
2.6130995821204817 24.161013271231358
101.85216722261524 36.6836687561857
0.7325396904087456 85.957918281457
109.7410141037831 84.74337805558336
31.100090608689808 18.16286167684001
3.9336158170247937 24.5754687417781
19.87517329568976 34.8161546487624
32.69949071560039 83.60172457286147
32.3103569509937 124.8198985856536
83.99913345361605 87.10936973863971
86.72380042927489 9.42371868341178
62.88776797917727 142.27746281698037
52.7998655767498 142.21751410742237
6.311711829588101 18.836199639953616
41.18558017066154 145.29626732565856
9.400103547548166 85.18099126341095
105.531837384145 118.50067335645524
86.1323303750866 1.0146951592398534
100.3571004969177 98.42440375647782
135.9566490642119 90.25346480736644
67.16693093330453 127.04056282612983
45.093228557112305 143.2214212762153
47.33063914294793 110.81870001892975
135.5762182604772 113.69973091659854
62.388335852556125 39.71826177011156
52.932037378860656 26.715825351169663
146.23594634962828 43.74949855089329
56.26824882748577 80.99432688964978
98.41641860306056 105.33989611850679
66.62959748522586 128.58407890184495
84.34306035107846 128.6403426214469
75.09052501548234 122.57394687938363
146.41245806107537 137.41452592921078
143.17977975099802 125.16798007614945
35.7528493307708 149.19684625913987
112.0109365880154 37.2684104989845
57.828345806627496 133.05535575977655
112.71766319504373 0.5798949193251413
17.71557340391503 77.28843041051769
89.41582122829074 103.97342174619514
2.9292167799015334 32.60659312173144
54.543050294274956 71.21231699364476
69.94403177046432 89.3483399044177
27.8243701065281 82.33197356108293
75.69822329070018 137.7526145130814
69.69924527975373 130.07045444526534
129.42646601785856 139.617950015024
23.397660451173103 146.26749167131678
124.12768391479914 84.33291295153528
140.20264664688864 15.488684500592854
98.19555415267399 11.434395435705763
28.172917050726014 30.100486783503456
87.50826872085882 14.865537336225525
6.766682331755808 117.33668502854407
9.273591538820408 7.946084292179334
49.60768469569874 85.68161453096945
2.7477414241625087 64.87359351507219
83.92425772050056 100.17837123561904
86.58996806481753 29.13875578723927
51.98554937177046 100.48774858688813
79.98324403758582 16.513645051715876
113.82583077033411 147.01685074529442
118.05591905102307 12.86523677730168
128.5142427461147 110.95383329743616
43.79603286436864 32.72162001226944
87.67581701047882 9.240843108664382
67.18251750234235 43.695137787931984
19.5388000101194 112.45194502137545
40.19498977907173 115.12121038672014
36.768148300828415 88.18308310348952
87.6416712762235 54.83622163227526
129.19679698908604 117.28018066701289
71.20512626151131 79.28145245000907
113.392179087955 121.30857997514524
76.99598989061764 65.12732824238122
40.059302617244676 144.78765852105968
38.379765695962995 61.564532494575424
145.50338953705264 51.47051421698702
10.462113907139614 55.1631407571166
42.83075595477809 143.33806707201467
53.849993443717395 12.771638236190629
107.98871637523966 120.90404863663653
133.02322039761623 43.98427124383566
86.02250259377473 142.20291707995406
12.632368961198882 95.07399027245482
107.6044731699402 2.673118500821664
58.470094105266966 130.45156863551773
58.6692183312107 62.6767595859108
12.8358422366407 80.30794638106732
128.2253668097085 111.14288293647718
27.02639672080157 61.42170721969218
47.62411936270558 31.720358110316372
61.141200767380404 49.61742170441117
77.91611191662798 119.72024005822489
109.1023303395759 82.15154981497571
9.748251118233336 38.263968147314756
9.471378716657297 116.64361104760796
69.52273508563873 8.587340042315205
111.4221422171914 112.9819426502763
68.40086435919356 1.9415125125882116
135.12824702688278 38.991363606767585
101.9787389284556 17.447977948798233
43.28457029525673 80.28702176927199
133.04223126894772 136.47763655361945
100.84156609920915 95.54324369416568
90.331730022863 88.41406456844253
85.0414809741168 108.92329419766605
50.477044946991946 35.213349155444426
13.158100381258059 90.3467694130609
118.61930289311131 102.07938974451363
68.01864696868064 107.97317139667136
26.295823193507793 84.3319803545062
37.39389598952982 147.2669646708321
11.158402219010288 35.560273215833604
25.053771095596 1.4507783622041137
105.4135688013288 70.23608194244335
24.980048467255056 33.37572708204899
134.56050909529773 104.82762856602587
3.590526208414696 120.82335466541117
71.25916952936839 41.22683221574411
14.452329097753452 93.14135486348019
54.84548576835588 45.01238375962853
148.8436081014167 136.69962057830932
14.135933147217106 110.15133831305147
30.567332176674462 89.88574000422128
31.40003732042632 81.53610029331112
112.93835681947851 62.84706866086956
30.552806085622464 144.0093759990565
77.07286191352516 85.69372348510691
82.21218862223108 51.90115971125209
27.129814888697325 16.823109046162166
146.9177525085432 78.64970811833976
47.51756421218633 95.9881589279613
2.811330629520209 52.76961420955642
88.2196399600096 117.94060889874442
62.88894877348505 71.63733571640606
15.154850737610698 80.3263205481565
64.65385719100769 109.56744254115432
107.11554138717598 145.0364107967715
31.896392593117955 14.13679965880249
107.47847537879203 126.62729760594952
107.31750712398893 46.27069312099778
47.116545711331185 113.57190898174227
138.87562431501578 63.23262125579307
123.2221467957007 102.00702476263496
72.80302958775634 21.262521555209506
41.95857359419104 113.96786522871322
98.0972784976686 29.496820707008727
109.76292862163893 79.67682353571632
9.489929496339112 91.19503521061189
78.91847902195764 30.761176465127477
27.13027577833145 60.8145897966456
86.78806095561087 7.953058280187436
47.853432705607375 118.64721889869456
60.350891884408256 85.16933349850044
6.443421388627285 102.49272971867966
27.81738054332755 14.329964318043114
19.923054893470958 51.040232201069294
17.920877085460585 11.958870064876132
107.9293627876454 135.50190357774164
44.71828888658311 34.784322731413354
109.64853699416402 17.75372301707722
97.49652575366571 95.13718047016532
69.72673296028127 99.34208346084958
111.70776729179379 76.01010424331497
81.83706971377362 119.6817483783122
109.17940852554304 95.92255943062425
9.120543870489072 143.4720971146723
114.505796182908 6.122895683132901
93.13619171697094 20.57428269273508
146.2768130648034 60.695432960812695
0.017724352733522464 21.5075714989369
17.286926379093238 77.5283105119359
139.65989274912073 142.4303131074093
119.1585486251352 96.19426737892186
46.52399767082593 45.46788258602961
104.87177752676729 64.11525402320238
42.290886382575756 117.94077375268085
74.89208301517179 94.09267645909321
59.49007501220747 53.24137606484004
30.207570437718477 43.71440281445823
112.44013287683697 11.524698982025484
31.313635035221093 77.27982798587325
138.54942690451702 111.13927184012897
127.6067084114979 125.8538002799662
128.10526283161147 136.8592159212153
44.7688429540088 25.664268698556153
128.13672740826036 24.92233545442712
90.44495688480197 64.24806879716287
132.44250759922784 122.97401029948144
104.14545978406697 120.13183920051999
52.2553409013962 117.01059403286881
8.065568854975618 103.17422373874294
144.75238232171523 112.96334020196348
0.021543031146936675 69.41142220454569
39.35399420802574 44.72504388859916
10.493201328022634 86.91663355080716
96.77735669198786 19.16350205898566
56.76645396631592 56.03776237702746
75.57714608178247 134.3614303515958
81.2313369730036 111.80529806693677
125.52033297716318 6.251198209009157
37.2579529841696 104.34871519762015
71.8702701195857 38.65991627771405
117.8994155639433 21.026002412082924
17.415751671144776 129.1380307056855
34.51753993160012 35.514737328748154
47.95063909410004 140.81056606973283
147.76073461232724 83.34765066293254
57.62074564750086 15.768941771261341
52.017228398239205 31.971595265616333
73.99594341054096 26.52328265073896
90.2996325312287 108.191404214482
142.44178504843518 5.977162406054809
44.674683882806455 136.31267536050578
119.0574330790207 76.89200038601854
1.9263843804504466 31.058070795165992
12.472764426500987 86.40580111014089
95.62976444818031 107.69546089184114
83.67098643758352 148.79658650998906
88.6206599539235 55.23440845704141
8.89363060932365 148.17603672450358
139.7842762302398 102.12719329423818
42.91889725816734 56.412097529309904
30.869343508068 7.915924156553478
95.56405440436005 88.46432844743121
63.787808286267236 31.61783048974542
95.2868816604297 97.03373287383974
81.6118619176136 111.41288264321345
125.04487486452926 129.44600813396605
63.666293263136595 41.12393641571114
2.0651816635148537 26.8769095245119
122.07617276370263 32.948242018259336
107.49038731653003 88.16996998858157
75.61599625811138 121.45521420641364
111.75937700455039 37.77567703207629
42.37097099810227 109.71033531865547
117.477767906213 48.849171053462086
112.6244378927596 100.87588576746626
144.005859149283 13.778761923695887
103.49451144429676 149.2900291386564
45.27538654451003 14.784043196589986
89.5308105794268 128.00623949594655
7.828672284289462 57.53126289589457
135.02799388788878 29.411345705384768
115.7998345875741 50.68080090367241
51.90219849989425 23.815169776038037
99.72878220696018 20.031156367299957
28.201293192018312 64.95636866974175
60.571984425451454 17.484161067599974
39.67804230738602 140.99255967086472
118.06357190152885 143.8634500234615
47.25123379139684 124.68948634554495
35.35556690016973 51.01377105245147
14.923971114384415 124.80098569688717
91.45369007801418 39.341048869446496
3.0376284227982775 114.80287827514728
28.84715209174733 142.67617697057676
14.23732117698257 120.62915119437722
50.54619100285932 55.119923674416356
111.73954282566055 51.43443853464204
5.78459935215811 45.319041843782706
0.360270013733599 19.905147512323794
24.367146921122295 79.80756998572878
48.124419944046856 69.65109011407098
121.15146932609153 99.90171299635179
34.38277566678383 27.775532274404775
14.713769309396184 118.84717221245468
147.36483105017587 62.04479301170288
130.77805134140525 59.07624693690059
19.556094854900586 23.016882529673943
44.565352116412434 131.53624463991468
61.67279454400757 6.055305552507795
57.57510471146189 72.00531967389838
80.18887827655468 13.019487288047172
139.3341228052571 136.42711673392998
88.12889954155465 25.41308928230507
51.88453332155796 40.78845415010326
134.36151854186332 114.36836537528605
82.93141799217987 49.55777441515774
2.003364603602625 137.68748719782226
8.991738916313736 112.72536687950097
147.2705404987231 12.544853066712648
44.091373553047106 58.975329185370065
55.59869677985023 16.82970562374987
26.717399054598534 34.315176327399115
112.9035717661899 122.58262392508843
142.17364599828724 110.84046132031864
136.18844386395162 146.81677376324123
1.1920449803339395 62.3726746811329
5.446538170671166 86.1348945736577
65.75842635507854 137.0399137895595
117.98398864868247 110.0321274438239
19.41480445044756 104.93767030696345
118.33845154281664 149.34531592557838
121.7513709072096 41.68530342696188
42.23124592904875 91.86012559654138
113.00822379584243 149.76099847233735
18.215299279796454 20.16289641214204
27.43281800003821 84.14009363102028
16.52158043157922 41.12614681030557
88.70415416954326 131.0705805105678
133.12317549934227 3.302007493192982
112.91496329904774 49.29286485695916
39.19611922879411 54.48075008197438
47.53121870847492 86.05338719620998
69.33213826108955 55.9214898728368
26.81250057355823 131.6836073953939
77.3301112815135 51.605602406519594
146.42244396237064 61.034073638905475
58.845654479271175 47.282435482135234
33.586496209007436 78.79094269315492
57.20390625398007 77.2107689286336
143.0221264312145 43.688521190668396
130.2770012691975 141.14228272657564
106.98806499058455 140.30192570353123
64.39948466771864 55.197157968328064
46.84414362433276 71.80036564737085
69.15235550893406 50.4533949668899
60.30771424991285 4.512114294044944
146.70647967084093 30.07477990706604
77.6193913150318 51.05104733802007
39.90175393812596 90.0573550569828
60.7280500470307 20.142406563425254
116.87900333300523 10.756756397538659
104.66809836508634 104.12888024694443
80.81251763023451 24.50174612296074
51.98177867822611 51.81023564116838
113.95449507052227 132.19080745735965
109.44333705057517 71.04999681585873
5.046128637142938 74.8542095732229
56.73381073858577 100.15638932250985
1.3282912646427614 70.94423754883465
77.01507000140494 86.00397474994051
95.45805800375022 10.449176164127577
97.63544795029584 33.20493731979017
7.072476663542271 41.82525337978701
131.1996083155388 69.26937354028792
68.41132809083742 8.875682700464848
113.84060567279582 123.92235670174287
147.09503209648162 13.902731180704414
82.28746394550411 93.78935292345122
52.038176605408616 20.200189385600524
7.92815717902311 70.14318317363852
64.65522985353054 15.878361030215993
105.88305073764678 14.85490583877293
127.48041913570196 19.41644847420076
86.64136279365604 87.04315423571322
20.48359191674638 52.66936782924223
66.24278851955731 38.013224722411024
117.52776674641349 24.42496432413118
107.63465044973174 109.16695276290686
126.29970929377502 27.276829935871795
87.68365868482272 94.8011042053875
25.774503422908428 45.467618183251574
63.50976871620034 18.656411228822478
80.87862407198821 54.543902331491886
13.132420508013976 148.1982398053863
130.92864309240386 65.87862819796706
23.827664050631704 78.77613166526548
41.9863553598428 116.25005066776411
19.696060020367394 109.80262773404027
25.233795486885334 83.2610376127486
65.49920906313824 47.09716261006419
99.48767141503413 90.1417268195665
137.25727153469307 118.65032064265267
103.1027134105025 14.758445704148615
1.9872464038498683 20.77562939836965
104.72398629108297 38.966600238125295
137.5342086854361 57.33405849655044
56.01262292904241 89.96480606607707
72.09411457647175 27.25173421259404
8.866855764311776 19.357960671944692
27.791836416535524 64.62038300411717
112.47609789712534 20.20057850680903
19.763278690054857 17.395843648809397
118.37229804982609 64.50749803402466
145.45273748283174 45.12210769531299
77.47745343174864 93.3816447215746
87.2902906875606 144.64201938312945
38.893718078631586 58.969075244195736
107.22828401862714 25.75306851905981
74.15328543483547 49.51791584673714
105.61776742401845 72.97546935183327
100.05605132797798 8.652874848962666
19.076636336470187 115.67438526744812
21.696944352928238 43.00158821155119
146.9807953768528 48.77913456903673
82.35124211786403 114.09865034097976
101.29207287996212 41.23651844597446
47.48040103909931 94.28056443305096
