1000
150.0
0.46188855514607885
0.5092551535478884
4.094491118473438
3.995222734134622
3.8505034283043154
1.2917083590144296
0.40503949944325546
1.2907444699858772
2.1844693713178605
3.8144660469987635
0.9992210789397826
4.7138753140763265
3.0717420636481756
2.7121444849746528
0.340637126784748
3.4615588999580633
1.3036594260969587
3.150666940077742
4.8165289184925175
4.3321637551459355
2.0284139553001177
0.584084058097985
0.017116029614623884
1.105500432348538
2.118214586844868
1.368467855920873
4.525198350596418
0.7826420890328101
1.4963400399583997
2.8069422200457335
3.635055641070928
3.689790357770901
3.831893945720525
2.7087077069388106
0.8581614317955821
3.3810918303141255
3.4954151803042204
1.147453274182968
1.8554487852450297
4.799726741161166
2.9976075719076056
0.8008393964941968
4.561846268455305
0.2747517643568992
2.3062962835622303
2.04277399126453
0.7385251456429648
2.6430973119717227
3.4533252098417035
4.843993635058204
3.0017795801688867
3.091780474432204
0.7034604725780885
1.5139995743000578
2.5346851228784777
3.2148094690140328
3.261463209805762
2.3886893649025636
1.1886579835872686
1.2724212576409517
4.041351722681755
0.7330611545430854
2.5267652562379013
1.7272059412755851
4.413469901615011
3.387160270631835
4.549111266787409
4.812336117644858
1.080333800185197
0.03597318763506385
2.3728529751163467
4.16153555873278
2.311326958530093
1.4302656048883478
2.0153732688237485
0.3985804582058533
1.6891698156812445
0.42539980811388045
1.6488684649511627
2.0460480842672064
3.287686477831884
4.338954098729426
4.258080393576106
2.1686841596991697
2.810746563268416
2.8555089210996565
0.5401345056430945
4.816180064762475
4.676361362449622
2.528250117331903
3.1364163900234923
4.573310848867865
0.32776138841812463
1.8420822325506343
2.8811512847801266
0.3623029994219529
3.1948895868925895
4.811730271729985
4.689822273217208
1.0729611557427492
0.7150918790245636
1.1908509282245017
4.992795292768011
0.6205002245910268
3.65088877703698
2.5644598335059903
4.245489384783348
3.649191209201907
2.6155663086182077
0.8870244949328104
2.016162170655985
0.3118435523539248
1.2339215752594974
4.412356976875502
3.465855398550652
4.360813394439592
4.725853747925802
0.4389831765348079
4.692270196322999
3.185635801418385
1.9045904928963848
4.865954008821963
0.4103215309041469
1.4255491709554757
2.6291921835397067
0.21910025440671888
0.7868452856413233
1.3720902203053142
1.6425791079878471
1.5665250645854396
4.935409159585706
3.557602054668188
3.461674193178843
3.5946661722018325
1.6094049020880197
4.699914915760577
1.5653616257949317
2.0625473057451416
3.007575786922592
2.5416196314415886
3.5488081065221526
3.891880284855489
0.3258601495463226
3.0842700454034992
2.179296356197228
2.284465507982339
4.752907917905741
0.27351400947929483
0.3990745363729459
1.485880351752276
0.013854522101592881
1.340567489404051
1.274823225560392
0.13572964621356765
2.317910751845993
2.7486083485301025
1.6911952778124895
2.559779093035312
0.6600584738151871
2.029582436583935
1.2274850122540952
3.8680715271317787
4.865611922753865
4.727579059624353
0.14183501889474148
2.3256749859955788
0.5486379470047686
3.189343433236787
2.7164891079010323
1.1589924237781868
4.281199522447207
0.060662617135476826
4.39045386636897
1.7506075518437758
3.7401165063021615
4.05927178292593
3.122530052331134
1.0594277994353836
1.4114129453839612
3.900593931930658
2.2880292300841107
3.0804245705729647
1.5898484347062891
3.1520381494064944
4.116590650150004
2.229560069636101
3.9119039207507966
4.284748170384195
4.22636614989578
0.7045312879499638
2.5053236682481064
4.278604978503264
4.201441507113788
2.1307458993601096
3.026788170702926
1.8169515896600745
0.39471524202916
0.15448961113730675
0.391520696139277
2.381923820436861
3.2175565334491725
3.091529021466544
2.8746059171026346
2.4294321937031564
2.100415746843845
4.279435755108899
3.483528191262779
2.284756429199945
2.0751633954939583
2.4157056322276897
2.064908881684096
4.455377903760963
3.540283488253197
1.8912858637302121
1.5156537703042865
4.707087342118633
2.2241493312704304
4.950412195171526
3.719694721453937
2.492571967541275
1.6594627541133429
0.42269780689581204
0.4262377054031663
0.15859864159306125
0.6235376978353852
2.7822031933868003
1.2239055384267288
1.7885733380804263
2.984459635407273
0.39075796978992605
0.04739099245032241
2.5616735963239137
2.2222582364693366
2.97908981633792
3.2792104741823067
3.12791103862236
2.56707631782691
0.7093624650086316
1.4788773487981666
0.7103991762136824
3.212925641237806
0.546504923422162
3.0852901831840853
4.451761995469762
1.4259653909476238
0.14326013074615174
2.095355379013192
1.9210360381475406
4.570348262147218
0.015166723179700914
2.7228435306213905
1.6905803492789584
0.12252206672325405
1.4467274535890084
2.3862032754041547
3.4794242259561408
1.6364844714076439
0.3288074417115322
0.06253345189821291
2.5401464974141024
2.3578338567838317
0.9798434124198585
0.07714128612796023
3.7407934425355567
1.7635649849991442
3.9497358801900093
1.7740911646914126
3.1615065972942444
3.7274063825750314
2.845332854605749
3.232872939248843
0.9874477393014958
3.2771011639984327
2.350204717124133
2.259799284232366
4.035268659933342
2.0203825953944756
2.8389483008706646
0.28996319853227925
4.399791655560765
0.270496582034237
1.3075478417327269
4.586569195686076
2.4507262988829392
1.699977321366462
3.756357188152275
1.2191714473582738
2.7461674667125973
3.992981846075194
0.6710604739856885
0.7408352086856013
0.3602771205943317
1.451841837959949
4.849504633107272
0.26645982346833796
2.646972995301505
2.8425910372528165
4.5185868733787125
4.78048088514872
2.579606039098988
4.937081179402315
4.475420103922617
1.9718937205966303
4.518526849866567
4.225897635507911
3.8707875351849004
3.7080188360888933
1.5641009108059767
1.136639585398898
1.2304366302338632
3.4156547189292388
0.5521517004487903
2.7962304181784607
0.38105279966413275
2.1392414274571028
1.2419696919809742
1.9237754866592194
0.112791050566593
1.8903837662704674
0.33394338702403215
0.8320865630179819
0.6690326495581428
3.091560896758901
3.6345291596617373
0.7513428199973077
1.5065750819421242
3.4490735680085045
0.9606947188366821
2.7674611419107844
2.215750031134098
3.466259114450989
3.2441309340546143
2.590598464632205
2.030004407211913
4.02772953512834
4.757443139259005
2.1358122846827987
2.9882686289446254
4.048864113504226
0.4401973391114822
1.5082547158715327
2.540975676520525
1.092016944512727
3.952109810299734
0.4393801189402152
3.2118816472561287
0.10187268981481923
1.3238324295497677
3.5184943898829313
4.842880369348046
0.007114219572591507
2.912701265790681
3.7055784300584698
3.9577917460023566
4.87403891631254
2.80147941716332
3.59666855607043
4.883642843081489
0.5799900972063798
4.80253906395947
3.7421779295647846
3.4642505096073273
4.600444706950922
2.8480915755732332
1.9913953475773378
1.4909529674292765
0.4733241048420306
0.7589895197397473
2.3529996662548687
3.3591259946597423
4.817574694866996
2.190286701426401
1.2217774994998183
0.9366607823870982
3.4402885978487943
0.9511594318147132
3.02583743103408
3.201866772035885
4.067611076607805
4.8899522484438
1.3964595612772368
3.873303243793061
1.5794118183254762
3.122029027928548
0.8543283231230103
3.012833132868624
2.3161682652725184
1.5587723671662794
2.741240830968624
2.4357301589043114
2.0587398902762155
0.47048882577255646
2.7054890992719827
4.707960781968554
2.657687512068674
0.1841424394308322
0.4719653676632679
1.5507997113091931
0.00851702591585679
1.9787502546231772
0.89463847945282
4.6067295879929535
1.1327072785649361
0.7969427502070475
3.3994060610573564
4.74811116189484
0.5316023424037564
4.540598932959968
4.879422769902048
0.4314029747389142
0.7312314935427627
1.461638413195756
3.902861916523406
1.0147442683675034
4.03084237748358
2.4959583983310467
1.7346648652251702
2.465508995487295
1.9064110669474243
4.319174547863453
3.159188030648904
0.486973196310026
0.3026184856388864
1.4272340415108657
2.4197546982413556
4.789529978625464
3.172760832093676
1.6631357987183593
1.7639758136960588
3.021924874055707
3.095786154332388
4.322905525505539
2.100299150368498
3.76177145119935
1.613127251373636
3.2796386357081717
2.1316035672584457
4.942149899639085
3.0852269493077182
4.463836212104801
4.035752285195709
2.162376669829224
4.368628572334407
2.5314256383040656
0.3108744892787102
0.4960742012164382
3.459231059844155
0.6377689568700046
2.794741869133563
3.6684585459739245
3.43578444575365
4.916629494345846
1.1029627734966452
0.8273016826320212
3.5699285824928317
1.5374766834985287
3.8098138241000785
3.5783144381611667
2.345053898612915
4.082677443581834
1.6183849872505203
4.4957347516712085
2.3459894885887516
2.4480357946023945
2.5333107623973077
2.9526953373983362
4.545001393058854
1.5258019225745234
4.659716314366799
4.843483372458507
4.416809855273575
3.5786934002917685
2.7061052429081283
4.591096073221406
4.566309007435356
2.456629072228174
4.566769927395301
0.7485298748177438
3.1474044170822175
0.6447935531276261
4.5009053516313005
0.5110374332970086
4.289852719590287
1.562312540990003
4.410959038672046
3.559118858200771
1.0332223100230609
4.555235072709077
4.5518525378792605
1.8483065632649986
2.893063398990181
3.6456810039785874
4.675559186661674
4.251841322900053
4.1541073690564385
3.310927005276392
1.1321281543167017
3.34612605544879
0.29878985454721785
0.3718690290124166
4.808590344314589
1.106381285817295
3.636618547049572
0.46971135861590907
3.991290979097315
0.8512202910420807
0.20088294281699504
0.6028991509986548
0.28503778424812887
4.43989330569832
3.3239322258945556
0.7832221006271778
4.614061013436728
1.4847473209837858
4.990719685346271
3.0506848229079653
4.06512946209466
1.1939806279695575
4.102543515236607
4.861149056010151
3.912270305510007
2.4060647383710654
1.1588862880704736
1.2289222165541591
2.5853901566775095
3.417242038810247
1.5849849939907905
0.9683749816276299
0.6116992605085253
0.33729957850872627
4.996238154723373
1.9343400571167795
2.669188899011818
0.9363560582615132
0.09778338010862253
3.3104548647826784
4.845516244765194
0.2666896191106971
4.668556792987105
4.737776023418937
1.993501083631248
4.7586721638812515
2.173870460357279
2.4129074758526903
2.7160408436809385
2.99866578147571
0.9890208485281793
1.2155488606456022
1.9986022040195384
3.9992759238595426
3.9986696223895986
4.449784382470796
3.836548022567867
2.4686433404290353
0.46271150092376534
3.9015941787211093
3.3774120351975414
0.37549925847255583
3.5090744326262993
2.6269898467104555
0.1148323953020125
4.990492575174971
0.42736971739422813
1.1908332692956232
0.5312093717414906
0.5618426715367542
4.094539670906028
4.975816775211045
0.29025234584559967
3.854654892471295
2.3646253375758874
0.674244367422519
2.6284343188908883
2.9482786963375
3.099502792793696
4.16216867918029
0.9859710841162522
3.9448758365813474
0.705915671514476
4.636102747897083
0.15329805875723912
1.5949056701209714
0.5763542560988422
1.1669370237893928
1.2881141949985735
2.2915222467607474
0.7073125782848927
2.6938616527888177
2.080918542155244
1.4259202993125104
4.9881765823925415
0.9430015024580191
4.113563257920012
1.7294520337550878
0.21747775632739774
2.811140253873217
0.06570064971027134
4.955878315814826
3.810469882269448
4.404322876315302
3.878102450830337
1.0784071515739564
1.4129637600426266
3.164287778021786
2.27967998056886
2.0912100846743598
3.2310830073383174
2.352597069174029
1.226638721835021
1.5138959635905613
4.825079169883954
3.592994730374834
0.7875483280783568
0.7999630339195335
2.39756906351599
3.1969388544525614
1.837213150127004
0.046536138025852214
4.232539416550223
1.615416208283591
2.5950804850501608
2.69273698454822
3.9111836662972226
2.572063414599723
2.560522179569078
2.2778249796715624
2.244117923974154
4.238279768215207
0.7576804007197852
3.807781904535279
3.5167455293921024
4.210436605401709
4.406668320975245
2.850307476094307
2.6455197795146157
3.0424441424587694
3.1857662202595
2.1432275548516646
3.1875773576215067
2.673860007804958
3.1408592672135898
3.260109225945476
1.8346951664983653
1.2743783248465756
3.0337112976341825
4.72941302399692
3.0547462256804154
4.799961264357941
4.499771403647438
2.9498047883893785
2.9198108559646414
2.9240304888255544
0.8090624635425941
3.2842852092546426
3.8798213019008188
2.9690579808270634
2.2903011656385974
0.8495882114924425
2.3040996377143266
0.01955361213694773
4.588752080441151
3.744834278425635
3.020369700498866
4.546863864697394
3.882418325731413
0.7847165393562544
4.8318062482873705
0.6193596183720385
0.9790237135291985
1.2175366976173374
3.0874064960457432
3.1085057163895433
3.8578432838840064
0.417193540124981
4.819447478048929
1.2319667862465762
0.7057897750851011
3.140771958946221
3.7440202424404747
3.2993205036969595
2.8262654608505833
4.639662405740279
1.5466064678711215
3.6441127211494106
3.972140561250229
4.70218459956011
3.344390812435102
2.4379008745046287
4.670821552572817
0.5894779065768135
4.030479287372794
2.3876001357524923
1.9697220328217675
1.8039571615493688
3.3624190745981815
3.216857481476681
1.7345536141577012
2.7009246284160113
1.1583928738816163
0.32534367367132666
2.180702913991416
3.118966242947473
4.809187645205755
3.106768448177763
3.709564278436691
2.4635507690627905
4.5025126848512205
1.087087518907535
1.3570482743264112
4.030787177631193
2.0884705555650913
2.3187823759118045
2.2405883698783526
3.8045872885596483
2.390959180150616
3.3352622858329357
1.3138190875957294
1.5005184139867205
0.989511035007466
3.431345779536586
4.504700640288033
1.2634193943583394
0.0595516732230994
3.091449703100996
3.9232170561533835
0.15339355159065537
3.76628610687203
2.0365221338487016
0.27887624211066553
4.376080639691285
1.9583985557731838
1.6039236234979681
2.946091475019755
1.1281488647696265
0.5024770114525223
4.011372710992172
3.2571252676450504
2.9377371752964665
3.5375520251968395
2.4867372514769848
1.5876298458115634
1.48211684273778
2.211363370917926
1.2698665022440019
3.6289176347095924
4.0611318739444195
1.0859471017245292
3.1108233695009693
0.9139481578446507
3.1950133889113785
2.369861041501384
4.100789143859613
0.1806190882743003
3.198956873749447
4.447842654710395
1.4775788332950524
0.5163010936969614
2.064386862166864
4.83592153071558
4.447118699125008
1.4316557534390113
2.5481225088272286
3.6909836662435405
1.0553995583408171
4.059631094041044
3.035699918149992
2.34851191906051
0.7323379555282616
1.5671264819036317
1.5038921791093496
2.050703755366363
2.309636336390472
3.6021738940773353
4.760009762952092
1.0593940207986337
1.089151349967517
3.178581880173572
0.0818519101878501
3.724185887224285
0.9064404237951995
2.8228404722059386
2.422218559572003
2.79592190952783
3.09607480255068
0.07468840482939165
2.4756830001603527
1.3391009237311813
3.8209656268941963
0.5430929860152572
4.132860977837177
3.004075984333612
4.37736921686009
4.6734965993683595
4.168706541601769
4.170842275350975
0.8303986947321707
2.1800348969955023
2.4263976852231495
3.570952814009737
4.67178365481029
0.7380321932230566
2.2671689234382884
4.432575304751337
0.12228388753505515
3.01743282180255
3.658984786729993
0.975929270404774
1.2255786086960425
3.4669280571305556
4.973236542056117
0.21232089676993138
2.9986122273600904
3.431388784111136
4.348686334874367
1.4697191080496064
0.6152987685728806
0.20181748634373609
2.365668416638733
4.881290616103352
3.906143571777112
2.45738312434478
4.751099657185413
1.2305426245388784
1.3557616470009226
1.263205352995051
1.906137135986394
4.047694021999202
3.273430415122392
2.335404692411762
1.2133628201843933
0.6966257334291298
2.898733359192294
1.6765380088862425
3.339163516303314
2.3802354496027145
1.885011893457969
2.91988943755132
0.09951058722217854
3.5242491213795284
2.8777584048806117
0.8001890388078642
3.903637744139126
3.8755192998693824
1.7732472330539535
1.0911831636026177
2.3301505360873414
1.8705645291030941
0.7046137441245026
3.1170803673047005
1.0238919741881007
0.3935830475930313
4.8582570067680395
1.555250942158054
3.8294265505757306
0.9503990886246577
1.8728542741339371
4.701657644383179
0.898296373821797
4.535776748690472
1.8164406558287411
1.6683479460850998
3.422238185437551
2.066264272125698
3.573920185595854
1.123938258236884
2.653344664392793
4.189206430899942
4.908040168765608
4.173374009613703
0.9746855403314997
4.560789602561343
3.4812736408639866
3.8023503416927134
3.9812002943683966
2.3119624214615393
4.74421766718778
2.9846279068192514
4.820707806925858
3.3907990596870894
4.808033948637769
3.06708331837507
0.42866985312554284
1.7833495861549347
2.224115039267693
3.4076820528233154
3.7678845659825555
0.2722499964043984
1.9935804283816645
2.4456657848403207
1.7555738546373834
1.3933382608354683
3.1223666116338706
4.431095072405356
0.22536833384021904
2.595251716751756
2.6245907607523895
4.932492653036319
0.030483399780835696
0.2954560908464937
4.057531398654767
1.9766817855076446
2.2469170998561068
0.5583841637497133
2.445984427067306
3.254017535603755
0.3817911701149651
4.497337808562633
4.8219146159659925
3.245058836637539
3.531995838510675
4.221534203702621
1.567239890898224
2.39133166507476
1.5720854481239688
0.21315290367147077
3.3032471206383733
3.543185480396454
1.6779156259759664
3.4264686513139564
1.2195535974548644
3.871845515750056
4.813796473591423
0.15212884974771523
0.4786918315398103
3.2306167443113014
1.225979382104475
4.784363496621835
1.6693103751648048
2.5917940840339466
0.494083048788585
0.06739047502670237
4.2116450844832425
3.671189710543517
4.294601638293873
1.1795067272251543
3.143333277861244
3.1812835233774606
3.7269294099485686
4.1393314645506285
1.8318023854955967
2.3268606219392076
2.8423737736229553
0.4883946165888864
2.871382712755735
4.173597519158642
0.9004192718808135
4.017739885446008
2.7289570010877924
3.3804105365103876
2.854040666850965
1.4634396542099515
2.601371514249819
4.490483446583185
0.6371578455086252
2.5968932382179846
3.4410003645729215
1.5237407003308108
1.9923586048008284
0.9805091316153985
2.1927674851433263
3.005135616600219
3.8358086234254922
4.847845410107746
3.9665929235771973
2.798474133590574
3.5088043062732774
3.099513193273688
1.1436497300171715
3.194595466651928
3.7117156960000557
4.282120027570285
0.2829735509740311
2.625583817482031
0.45610225705627727
1.6372603605624192
1.1568892965200106
1.1432865600453557
3.004578281366739
4.871033589747125
4.299377671754831
2.41076460996055
0.49553876231351657
4.201800865242318
4.10092115714175
1.409404213512181
1.771148120073196
4.494863140761601
3.7265318182849745
2.3622695388229706
2.842034121494417
1.8874746457408413
0.970578307973603
1.5158774304802898
0.43091652948028303
2.2460791432493767
0.592693090077896
4.407927488388582
0.13993846357589435
0.07988385840746293
3.7034544582441296
