t0
38.108598387948796 63.63535175713576
112.4672074115517 45.210723924426624
4.093862084701577 120.35150498525653
131.88355773535542 49.23125406438133
53.10112974265023 92.52995309593035
148.30361102788981 140.1499034319326
127.85691290384501 47.19296519675481
83.51750333007476 9.875714995104817
81.4010497845524 145.60070126913126
54.4095006705114 24.241218050224727
114.85554978158665 64.28650785222723
126.82655062060229 12.99154598734346
40.75638532046067 11.706745460913714
62.22691648001784 76.63347739983597
66.7531817628665 70.61372464425112
79.8270843502092 78.90136988297243
136.18224775739623 128.23629636613848
9.982985491185719 86.5610492878379
76.43935781317025 88.02684295135896
14.767342512483062 69.60144759420824
146.29596636226594 136.10315681205213
127.60487928604631 98.57128453202978
40.04905877754881 114.48398295225344
110.27487414892155 58.57385168547416
35.55854517304348 125.09777966757719
141.3647057195366 88.0634854247821
23.352789649042844 25.55290905933279
75.54485649794336 39.574879099034966
93.77283758560459 68.41632071557058
16.926543998992962 78.49957399976708
104.93726855329157 122.78704045564155
17.756169247497965 137.29797388662965
57.65566830130817 134.20498142014299
35.20021299506914 138.5509274086883
38.469440115411786 139.24750420752753
84.79065711446287 101.11990125403439
93.08035419702485 83.7829817966507
28.95127308357442 144.6626613037251
41.52221486048481 81.92735283268189
109.03229990563348 26.76213633683367
110.6779519924935 70.84625191909767
149.47424900390712 12.045886629156
28.938250095996644 118.12909513360914
54.53663362976739 59.634714234845205
1.8898231187278625 143.40507128920154
81.80590835830371 34.950321701634245
64.51873977718171 97.95396870094962
29.18688806038074 137.87812435696802
117.28088010545586 70.472539042697
133.93790121759204 135.22391544269612
55.94716659789773 97.98145566161257
65.59210867909235 82.6791313027055
63.952215514259635 68.59702536440193
140.28297755924166 96.6328984096967
64.29355049578515 71.9498601405235
149.43354700786932 38.30963416167336
74.23359324778808 39.220235427987085
42.256382234687216 61.195053257409704
91.19273403780457 102.79371544225226
81.72940740530849 54.523089699863064
143.49057001936245 96.54394257121747
89.2540338370035 82.87071276075247
43.850860045079656 116.75123255907074
2.0640984856371447 139.44115215757287
100.84784316392624 17.101874019176687
141.54142023334703 123.36034658249272
10.407156573750164 44.42491245299885
73.21695409845053 141.87373497127246
112.90966017050258 26.55958787392129
102.61214056149329 34.474341709204026
105.8637865025592 45.66082711148502
33.82633643355171 148.1386485929706
77.15000107070644 106.40374233788786
12.432380477081367 1.5699863602330777
71.79445233268068 54.90708286654902
64.73899071207502 99.88266687342596
38.549473260294214 3.133372029847253
44.65761048012253 72.89227945767107
31.353125121195102 51.31930767663061
86.52042091427246 6.1537522303644066
10.272671919336684 105.32946179646578
70.39012885120445 120.30968245288024
64.72719577314972 63.3009738641159
60.24092725604732 135.0348931216503
46.709097581665475 19.55529032307586
78.34105071953348 17.90260112197892
29.114976478304833 80.39881154149414
51.10298623299918 77.52288551727634
55.042462651194484 74.42859681571541
126.36775625461085 136.1417392533698
1.5554612102974152 116.51841859010322
134.73943073664122 29.021064608083442
89.66753287996097 63.40797510178447
42.2777433279004 80.9851820898268
72.49887748069112 97.2826853873101
79.08796068325199 81.81297663532219
52.24049777713762 100.84936577274871
142.52217817712918 59.127527170618855
12.879507328319779 131.0254644125252
120.63627940735778 15.19454392959933
18.92804220898123 12.714845017375248
145.94749666686084 22.850978113443336
77.63793956786715 17.39548908072272
22.533238955369328 58.56529607583528
135.51222923015158 112.95451295237456
126.13068917154803 140.45777260765178
144.1377765920404 49.84027915710356
3.5751035299791454 36.71487303478548
110.41252760012806 79.03344618099648
19.99392694216344 51.105017021651875
64.73258842094397 78.34735927253755
61.40221916310153 85.78893689188868
95.40306341303464 35.3393989990828
42.376539077158185 46.017344419466255
38.86173932450635 66.7399477135588
80.37998241232228 52.979228709614354
123.83260473759768 81.2830608952991
96.03733088658767 21.51959703336963
81.4894262828022 54.556720312222296
14.58926841147753 12.855605856850637
26.49645632654317 11.79137910133871
64.16760064562148 123.11102317136302
31.44920218329087 17.090164683045785
119.11505356740784 48.443359067753576
115.96382440359076 71.5956177097544
27.915170351511705 143.8942810906732
5.316854783020802 108.51548924247754
118.3982171507022 55.64716086028494
21.13095387862764 11.229514111781103
14.652167486333134 105.07685407114012
109.80759403861836 72.21193881801254
98.80413840570942 85.43365346761941
115.04967677093327 71.97899522118085
3.7641923574718463 130.97924366074415
128.37892684659155 109.36079479206296
93.76288700714588 139.30754724269897
10.672784674285335 119.1637207154142
45.59595533484967 86.01363806868775
145.71881434079447 111.69932498171617
43.84946766203744 30.051844610054072
1.0619257723282705 18.081741074348034
35.858347293650375 66.43854042584725
17.109073403001734 136.91724649007745
110.99877580551292 111.4506723355508
142.82056397051784 4.712353322793633
132.28440032331596 85.3491139401392
28.277198330779328 135.6022937907389
105.68856796566394 117.77391589004844
74.04380121768462 143.84832205363466
2.6164449976030344 5.329853957893038
75.28520141439104 126.87388893134894
98.37492123705684 136.17575132619902
20.918645687932685 140.71735621032198
53.11423449673568 109.47541155461738
23.252167417580118 65.88875131497761
131.72836928591457 112.84480551611841
130.26266853190373 128.35391442715067
104.69371252275035 8.077284679150692
77.26778547003613 100.25983596541052
28.29500542063905 16.741731887019583
118.75572251419939 41.99599311328651
59.53852054339818 105.17830790657774
68.72712242906222 24.099802234642688
99.09558907389787 103.0704324145121
3.3987071373317024 13.607856022235493
84.57127937915017 96.4137301473792
75.50246846484946 57.88268519351804
102.376798925008 132.25234074665676
21.82521881400909 74.2682335616388
79.52908686775851 137.08689628663834
54.86615364779105 109.61233923672673
128.24248747779814 9.108627608746506
65.4961290638775 89.61474125406573
96.55760541599211 107.26945884731627
123.88874555290094 7.893742191386282
94.2189629131992 111.20328252912374
33.52401491345793 73.7988825128321
135.22051032888365 108.87018564526572
23.160101869174476 90.42294587970554
28.94698574993801 24.860541912721306
69.90357945212698 130.48231076113555
1.6160280055889764 58.08339805746456
96.11631506646155 32.14418501695026
146.14430238949737 102.24322679844795
122.26611564631597 55.29346216372983
42.89968053248971 35.40721481770442
8.003576803543583 55.86727282244056
18.74631486619764 43.06405886614111
5.930204711382242 52.86513586832328
48.93234423205451 24.51370062339202
15.570635946377559 34.496121307318845
103.70851938471272 90.00006781350619
122.98778943664372 73.0869693762746
101.00499129925859 110.65723330971839
30.9544458252873 118.18886458776184
91.34314959562295 57.6908094549969
72.44397970653706 55.533192534366414
93.63664385999077 69.02420296621452
0.9092586104683664 51.752725521169786
59.263526650187146 91.32406722624168
44.0207293379283 88.1645231868668
9.299250194400082 3.456541135641938
45.52739603791702 137.37155540597826
50.02336486595795 122.24834772068948
65.1388859064921 136.35435517930975
87.5933121391357 46.323250868097645
18.910501215782045 95.37140974833986
13.36439863595933 54.79944357659143
117.80985729810351 131.0529956592908
49.88035285873515 0.9684958224117746
117.8731217737251 31.149486187129067
8.624433365398243 130.5890066870363
9.697448048987905 120.47992181255496
117.6733835750946 49.131555654864364
123.69602147759515 29.62416535144017
50.3090035596982 123.87592605758726
121.45225489781394 38.12267296116325
48.19379849763402 57.013298070058454
116.19466785375229 69.60876393714662
0.09358222731978283 24.327079762950426
10.575229077669768 21.02218185809621
103.42322495422177 45.25554949443638
98.92885711857836 29.36910373958561
61.599403400117794 11.471891165726788
80.53386753579016 26.338007513716168
69.71107650427867 40.004105533051266
19.252553369889153 141.2948883099054
70.17467297651284 18.465787817917565
22.633832256984604 141.01312133376348
53.543662815137345 144.44287672669253
7.088486228601071 98.09726313108176
38.61404215215391 21.400614238709654
7.240448544888517 108.99654050491444
95.43802627808641 12.716009099465087
41.81016943445241 15.239963257565526
21.26299075648762 24.33569161669167
140.3489912217431 62.93332036695473
18.09359065188774 120.9965312941943
37.424483961358206 14.418742015183595
43.279843822815245 139.4711907931709
111.21939580059863 142.49503214639205
6.9172236840927495 13.61449154035068
112.37107677664812 110.82378382598672
108.96689919327177 36.44604445553491
86.82026892727056 59.60009411778243
110.83212074981547 5.624235838639658
31.690327965879394 62.65223846322769
53.03323044670606 104.61572560214572
109.16900430251317 81.66189796318696
48.88841910062144 46.96986155555403
76.05971339506932 74.88283058625237
131.4154876831508 137.3506765136103
72.30897866700481 97.7039667373148
113.61335505469471 147.49960494252082
4.258912215297101 90.68204817614227
63.85913801423601 107.8943030741745
46.63167664944136 58.69495608673326
25.271150909026378 126.48428644112774
82.9971035004402 2.9812583963186534
88.85124680845449 12.129962758794061
129.53085818174856 42.78249702181197
12.24783885861147 85.01167131704085
10.721349570611515 25.746545656869625
122.6971311160687 4.72935587276333
132.9676897669957 88.24362519081296
21.6335403738524 104.65794881460566
60.023139425044164 29.2579488642029
78.54683943672518 1.590460333580862
20.43005973601588 61.920577800663125
0.7447303524224347 101.17931406300326
6.570599272499683 66.32229862478209
148.0036014370964 63.220937514999015
127.98606986661738 138.67456798264232
84.8113727682198 107.62090256703888
51.1169640305839 46.763647269086846
127.58504232291857 60.78374155584555
46.66104418262126 107.96619530889919
28.348788943819454 77.20718903988454
75.07150305166802 5.76778976920676
34.759185548691654 8.894510300098574
56.20911923310212 147.05987183255002
77.84149863245642 32.65719482878654
99.36702640849798 7.702299132820328
103.54087771372839 76.9460028721993
133.50488936435787 106.55080969753496
51.28621874359496 45.15968370599692
90.91878281460203 30.89085237324398
127.71043518876888 63.73278671671771
12.24719040548864 42.92682962723454
65.87362984593052 53.14781011897905
30.842433399384493 90.49061949165888
30.605077946498167 88.46003289564563
144.44665787085532 104.7033060522416
88.63343323876126 128.22947746597148
23.78457130175421 126.10387995920058
84.13477824832916 64.84318985872748
8.260232349391117 33.30838672555538
126.22460798600535 63.15898446666703
138.21703896786693 58.04993965273418
126.18785448556609 33.941049457286915
71.14029091356649 127.34667148566795
119.22281443549319 144.57727570953907
23.357029792611517 51.3308639602296
34.91788970822736 135.61248999726425
101.98271647909542 89.13329139734186
13.239151481255739 81.40249820016592
49.49796213236517 19.244452774470755
60.54209091917792 48.04803909520656
130.98766998421326 125.46642255224647
43.99952466743732 88.21927287333595
64.97159631500557 99.33032515743295
40.23248727550657 119.70019066187194
31.288457069216964 10.495051504548519
46.12124285189933 71.79445160671402
4.7100056609584495 42.87985723437727
129.44501517884524 108.1220854409482
92.05835888071059 137.2398323800286
125.74341194233149 37.938898181080134
22.436479900397206 25.598202945302678
23.607627377141615 125.72222696647697
18.771917150433552 135.8387180414343
125.40009213659651 75.339126571018
100.88757347307441 11.176493418922895
17.477393390774925 123.25331880912975
32.57661523930572 70.9150454708497
105.57011060837438 32.69943403904451
22.153918637995602 31.514758106473266
5.677562081607629 67.97654394507911
97.32256695568434 97.604592705159
121.19486573824851 85.56448421587413
3.2256628937905374 87.13103660139096
16.939335266446946 94.87798797924677
129.70222327250087 55.72914185682662
33.12537039017946 39.534032802495624
70.1387556021533 68.89955874659634
46.3992538402704 26.062065106306285
145.16883124958068 114.36790134762947
113.9421559034959 37.23586030271736
7.741457057321444 107.68079348617577
4.941736678160202 15.50726747622136
109.831711146992 94.65418156754556
34.886689871249985 27.389714066914806
81.03596551736797 71.63861289341966
92.02753374067922 133.74270726109577
6.368218311923174 47.01349359961415
55.75026272190287 15.574405062525132
28.298108135110283 2.084686319569257
68.71246609042937 109.68933821912559
80.14651699465071 40.26033468184074
32.48629976626688 47.901927431785914
125.73858006455833 7.547707352597843
110.63705939587467 94.90792612814721
10.220161320135556 33.984656339029655
108.044423674483 80.70688621186942
18.342262389600787 72.43494867617447
106.65631937546587 108.80628890699745
148.63466587319456 52.48513127128241
10.469588823933085 111.5761857772575
1.7077039250612158 31.136010736381742
37.48005257385679 111.98138506894561
140.5781727246187 108.14506888439276
98.66693409503668 39.57332694620895
125.20690320047616 10.713664877237822
120.20783962534195 38.807448654338735
27.31251831681164 84.59790633442304
120.40300541020802 135.35339088183758
117.59606611325572 5.434005845648759
138.96893581095188 99.62930410016068
43.53783677390032 135.2929998787985
29.096350570897577 135.01913678076343
112.33105077098345 64.30811791792092
99.01601866596107 87.48065242414269
0.8731628516685241 131.1484840872047
95.74550861369512 125.03538436110571
21.276770754584035 98.5498260852277
41.57290063981689 94.12006700658864
149.47722401977754 101.86675921678642
149.94971282344852 59.29822155969367
22.247902484238868 149.39910356430696
89.49999364924062 5.363064299672465
30.487991882412523 9.189200177904567
39.39764103856427 43.54727534761447
87.8787153292042 148.11803538847747
109.41747861957458 6.186617997939265
22.92628313417883 66.88052844878435
60.43196156637227 36.713686918033176
40.69296714576515 99.13622355340765
24.314778897958295 31.893052319729136
99.98805232357823 31.559273781996524
33.342264716746676 53.51313935925454
71.93031706871507 24.30493862453093
41.87618691436653 52.743249201963785
141.24178380965895 30.629581897904245
74.89653146789362 107.62265839746864
109.68375137765348 71.01420268066941
127.76606256063684 125.90475444726201
149.15171149959608 68.52065832015714
107.29104459824178 60.121629717971814
115.21307252313053 109.5344586114021
99.94328272744337 90.30829367341983
140.56435378179535 10.203976102709456
37.1812263069921 83.53182914765411
24.922574869929477 25.364360054889385
49.713212186517865 17.066828278473
76.32521068833243 81.53434363924553
40.75071546333832 67.75806132091107
89.42650940168573 0.598679001826119
57.67673521745317 10.484337504826874
105.03418709816113 49.349790228714184
100.88341691713157 130.5102304744787
40.37406716658086 74.37521783774963
17.999455075534964 82.36698941706847
30.102670301188084 0.4662775150339249
10.423242420092372 51.379551711770816
90.26610376089698 26.31705899017839
12.500423499544288 95.34748918783743
112.74197449525215 77.71695594668631
81.23863436228574 25.645857401127586
90.36889475214865 88.55636768959678
136.94837416057615 89.24389482327368
47.29210007570372 3.011878198931084
132.3538694801419 31.109749079592934
137.01574064243906 11.408455987716648
25.654663770008224 118.09724716801666
39.39165200702447 22.032724775314833
21.76662911365804 118.77267020785892
127.08532364293298 135.05963970596534
146.96573333319012 84.46790788945141
81.89398386163494 42.62825110570807
135.74117643448474 26.029742191054954
19.256232002145246 104.73994992103435
101.58412444849786 61.81856744431957
8.15145943430376 9.239899675693136
6.348936261848853 19.1945292380015
58.760118192470365 59.77160354191726
47.785727148955964 95.3723540785327
7.3190046699034506 58.76315177245528
142.82319104889262 50.641680765901825
119.79152032411342 127.616572890943
102.55214632234042 116.70767327364565
111.66996179566408 89.13881966306337
134.90202759115212 64.63266775512781
61.48040701983664 12.59155044429568
75.40067664678051 147.5367692319017
111.57146950710292 90.66977801092874
116.7535885112079 54.98171583021728
30.39406946776515 85.2759970787885
132.2706148763611 53.6131831272572
19.733517565928675 141.57218510772512
118.31010060901875 17.123212082662064
124.9080134176712 2.8088975995854026
60.21329192284581 40.523781792968165
92.62497619563761 3.596430030753084
76.88209332300843 46.85876955819088
64.4710521428607 22.252232110825005
9.834351501317396 59.24407996046047
23.54180770734164 70.69182760202412
85.78159318047813 118.09135492846508
129.78786885501856 58.99418922198081
31.450510900013228 10.771100878218148
148.71692752324253 73.64009575113656
68.35310103925481 72.19572737327454
8.252852324123383 139.77241717767748
92.74917188194696 55.89613482270974
5.077955120633687 126.34642154076955
35.29343474500674 72.3287145949845
142.5920259308637 55.317699491818104
70.37799358268381 148.24023244299582
145.7884248636797 115.05308389759699
110.43660487355416 66.94962775702305
139.60549982358563 30.850733415013405
45.34259725671002 116.048333574037
57.54982728687656 30.12923570406036
45.28715964600985 118.10047368405435
50.150868159302235 103.70968324645709
2.3543583514313293 70.92350835010295
81.79609632094036 121.29166263610297
85.50549039372515 81.58736318782898
131.06854080367822 126.2435520173059
136.34635008642246 119.68083144558669
70.37905060976193 121.12497898681099
103.2808969031658 128.10881993864837
94.62305864672503 48.7764125266333
5.264182590465411 98.81088630316724
5.122455241211327 28.595883338071005
18.073239739402176 66.59351794926532
41.21994692054241 81.92983576769944
86.93965670423475 139.66606132366766
129.71433258196066 123.89483074084688
94.56132060707702 73.53927277238746
6.655790396758659 89.88596553168212
99.36885531982863 106.4182205643358
131.81130949973604 148.38955058138384
30.806145466737316 94.98684170161444
135.96962164235458 126.28085916444111
128.042404665121 78.08449926094728
22.945632578656344 28.738646171396258
81.61961438202542 120.91648853709242
22.086930594760055 92.33791167459107
121.11435441680403 70.4784312433937
143.8548364058089 102.2894766301489
51.9240519826088 135.32198120353513
68.88302931863325 22.58334864592053
113.14728577328113 113.81668515452195
73.19573828636061 111.77349319148695
142.49552627316626 18.99603308427941
55.040562375491305 137.03090287617883
20.934958984927306 66.89726425475426
138.2588223988784 131.01302731943218
135.90371685028546 26.15298137090437
87.13658265882758 90.08005780336238
70.47989315693682 109.26305238590882
17.26583662634941 9.867510058487472
123.69356191602321 20.418767197482744
87.76755330614688 95.54225555724076
62.59204880376414 58.57509096357582
34.11269243728221 135.97306294248693
46.89886245554868 40.435154590456946
67.20626390473815 64.19186455458212
65.77591789755677 61.5431274823186
28.011630592891873 102.9681697883145
0.8353778159862213 70.35433009854134
75.08265520594585 105.03359046490182
89.0869444209049 3.196380385335634
132.39084054604672 99.84930677121581
91.79093543688653 65.8418663556331
21.891105296785383 14.085473340661714
134.46446610958498 121.02565694701518
69.62654504454052 93.86402896092615
77.71245277052635 31.860361016797512
98.74975447617845 104.8965734412937
57.68694987762116 97.58838348467025
10.711865191120207 19.925234749101627
127.28469689535495 114.47278808601284
57.77307005631449 73.25071879440159
29.546549217978814 87.5412346115807
111.80859633798322 62.91900332672677
141.90308473319718 5.183951847454438
44.66677197398327 84.55283879942938
34.103588510010034 112.75058532430369
22.782235475104436 75.47950669388764
2.962646259088114 112.93020654846931
49.71490248701082 126.25160199865027
68.95785661901131 132.12898106995576
16.287525839667328 12.818251180263445
32.61779226972383 135.73192506697026
63.201828250983475 29.322150707850415
123.36214799600043 111.15651490129139
109.75097729322079 138.02104037235205
89.71239623011759 111.23993515348408
86.49747835933097 32.31509936926486
53.70481318022481 29.66885637018315
46.68867497461949 105.86469238220845
63.93714443592057 92.93652492663766
110.53221677595513 88.77285407406787
102.40154408902755 75.42943601137644
118.2019378546022 20.656778959309037
130.44101398194064 136.59337295886098
79.1982811779646 103.92179146177153
15.563040823274582 75.25113181922205
140.21025884461315 83.86527640603303
84.10615075433105 89.74301439180165
56.33773949536555 29.46870497357269
56.94362032633661 64.99351233144682
7.010167416227809 100.38120295176215
87.49041809581975 5.387331532615564
111.41250308620708 96.06238414650527
140.62724340935577 144.63463448678613
17.09052613339112 148.14601052656036
39.04917812239058 99.94581613928375
80.69997082028407 71.52610193958489
62.670896505483874 4.8020002357414935
12.789022455661764 34.57664710862595
98.66790340119522 44.53811627516149
147.91837030275477 99.32419068545241
102.5015995257524 146.64528020528903
141.34142545072132 64.73485817404203
145.76958109077196 118.09972472566494
70.55903456835426 145.89583386481996
138.25187092353764 47.744016714723756
131.15451460128153 80.51353718940584
141.3058172705549 110.54647676463564
5.888242136222077 17.471630391769168
26.419728214272766 52.86647624182534
133.72528930232164 47.251524158881196
18.797964288469597 144.23272653857003
63.579425304130496 46.783351301810185
85.25291040670196 89.83148173334017
108.53348607682813 114.139503126653
41.264485238645975 32.289992074165916
80.24704659251799 47.68481799313495
93.08326194869052 127.47297537690812
125.45113013292935 107.54322673236291
30.353271256392656 113.08705410885742
74.77644631300979 141.12167132512386
67.47578506862108 54.767754457906356
126.74217285933712 31.946564989441434
51.292437436049674 141.01938604310573
52.279622854536214 119.1202759105846
28.50813995820087 67.55970109860162
78.56711886166661 1.6054944226697287
122.3806687574411 25.114970045134143
78.7548370027838 84.51092609478088
119.75996340894473 51.99955263005381
0.06171507312877633 7.205318197832922
10.657990121107908 138.53545803285735
48.0885347668835 32.95787151365604
63.667628264334084 1.8171491160992315
86.52576100829401 135.82707308291063
26.130348181675046 123.95590158056501
57.91115638010727 80.5387043997563
113.78864310655491 149.85372480839854
142.03717023098045 9.355302052118752
85.46626397507372 142.02303809510227
51.00387978402966 134.5980126810843
35.221164999703156 32.90489272449466
55.89840900231639 86.09796879698337
82.44126117079541 102.62143999237604
64.45144286931374 107.89511920736102
95.93767223458227 142.86038317250802
96.72661902001082 132.84052162270063
126.57566997514586 131.51867108204107
9.546723452242267 136.1731824937236
86.11809213779564 146.37479163686098
57.71557324693941 119.81974225485013
93.39388537604364 108.11479570916953
131.57578305851345 77.19680972950673
49.70634183954811 29.86405489920685
66.62688683337376 19.179241126761386
119.52797468511065 63.48850009375125
120.04766711988287 45.03785644721246
12.365312970070446 96.49542846262442
124.40971411573793 48.35706124406552
123.4960900003317 51.7112669523478
56.68127499520473 16.93381438440588
122.76919008312828 7.024318455076179
107.00247633322691 43.55708477522592
38.40594336822592 101.49294985666612
50.5221331253574 141.40088412865057
39.74795992889859 116.82934674384425
105.83694504400877 124.96960339980838
6.066095338284855 69.62628255191115
16.935026439442936 25.453457227075283
146.1878000064617 17.30754593481258
93.84425548022713 74.73251739509256
3.0326872907025626 2.414762012140248
109.90391874319398 135.76439550860857
1.7921243860669123 40.91469184189514
85.3543434213012 40.76340191446179
47.97669766543351 66.29756448946942
15.068665873688946 63.39528145727102
10.821723292390478 135.5712926676365
10.184461669818495 54.54377322066086
26.426728149050216 34.22695273425392
54.23859754960524 74.33326350132074
77.75872073192532 5.902751472653833
94.42931844607823 58.70060676717487
63.42471233951456 60.00801439462883
90.74601673566494 148.4910909943657
103.47754896592785 105.8429049299977
132.99461670198377 80.80627051353613
26.92687804996564 138.77724130306024
108.93832954629234 48.059246646845594
136.95753524730975 99.50300053544788
1.7576622410154952 113.20682011208847
54.88977405509265 88.07584831343904
120.35542496679761 52.144166137821166
142.8351946465742 134.8938992802247
140.3928539926093 114.88960834461408
66.90096250466253 90.56552340518874
123.69961511795111 148.48379551179954
23.170539896431073 98.08720850115847
40.36683732549012 90.41502197155499
46.94653987419045 116.33853591881727
15.578346756679823 34.701731066574496
42.69049852489256 133.71167653025668
96.38728292798613 72.76317984516437
67.45249492460505 139.99096572768664
14.185588807437611 51.043667896603615
0.4734913780106986 31.30417041883802
73.6810518654311 41.585152113306215
66.09432109784224 135.15716347653688
118.58573239720161 143.83467996387412
17.553125974499967 35.9701562801307
7.881924180621969 45.79948820193306
86.03930884638898 17.045234149721384
32.07440921820775 44.00335544482847
19.244936913575177 96.0566075127773
89.02467467949678 19.7383966679246
97.26824436302711 61.667721974929854
129.21378965745276 137.9387300454383
33.13891926330509 110.10084250376855
86.1717682447268 135.12420082096943
31.418264195842678 58.92847791909619
42.57526614965357 108.67838739389467
98.65166387399718 130.191819663537
94.54059171317013 17.04529342181715
35.1960026750961 5.50589167564598
36.97067935685415 33.97093786948655
91.79569421686459 69.06596087350425
132.65354353613995 20.802031287858526
127.83005281807205 12.564601117183289
26.01365179950542 144.11363811488033
109.39962419864085 93.75765697903302
33.00002354971121 68.00665181545385
136.2642531742531 142.7319463106107
118.22570084311704 116.6357416185803
30.401586593185932 19.435128020477443
105.97873402160269 74.6474879018265
27.838178232799386 100.49238456711026
7.587366847502669 116.88060024509366
128.0394388810113 43.175333517075316
63.480395611274346 20.966400464482852
114.0586832306554 80.18223754140249
96.43254128664199 33.334531669461775
95.77498219669998 28.867232533881467
65.37543831008027 12.949572823464079
60.736185133139664 126.10901966365574
56.89488702034834 4.15776906014319
21.615552590814357 71.18070289204232
99.38780855880646 17.995401819380636
9.241912307815847 29.97391531621777
0.7381274989764319 86.79285290871184
0.13511672692522736 78.59897783790768
122.36559117205708 122.89948514216803
40.93717000126715 81.74263627867079
136.33762465461413 35.75816582680132
108.94803083003028 122.88551323915522
78.80066813400803 60.68529648983071
1.933147253273182 1.3894017375851886
45.828697772838844 74.77926010939618
46.65240285887556 105.04173880969783
20.604160653662895 84.01037502267137
98.25966959327093 60.53035157528175
64.99764939032119 128.2680641995366
132.33615798228783 85.81021991831214
80.61106106752217 76.89145372986266
122.25379533658628 4.867176845920834
43.36457321921283 63.829930944107495
2.627509083443691 22.08823703891305
101.06682051739956 43.31823911713662
79.52397319528433 10.578452059542837
52.09245056810793 141.9609820472101
110.97281188933596 139.2399259575396
37.44041282730355 140.96406714061638
102.20300298503798 100.3254688104214
92.85526956834792 21.393056831986446
135.3383338590179 103.23061618424494
47.312739116003534 90.65300551976976
108.37290287659363 57.38121446863953
41.608255171291546 78.65101730144336
84.85875655009282 35.75500291351827
33.8059970675265 87.50648885056968
99.52720942563418 59.545361111315586
137.326472496067 68.30712625341229
13.093842605622735 40.091497205812196
93.04895872671018 17.768863805229472
127.73118028497173 57.97497223637526
47.21355652889503 126.14955780312778
145.5058319288312 75.28794315025941
115.5148671971845 46.19983117181021
61.747798295253745 99.83994832051955
56.63042468248858 1.0270994957915225
11.533916680776834 131.46955804839416
111.72300757004248 82.62292083781472
36.81735827230411 87.80396554506825
94.05428156674031 42.48946497273767
87.21817911521858 119.55804203446053
73.76176540010727 12.732930109777024
36.01087943059361 133.73604077125825
58.7513516001633 70.51259505207106
2.7141941618163354 144.50117173337435
145.37026659663485 87.59122559924751
122.12247724647494 148.7745604704365
71.53230658444737 110.5807623985039
0.2405122327961362 82.23544204963567
4.907580643135062 58.37670754816235
17.923289487700206 116.89501507849886
116.95738818452695 92.19211904542952
92.0150549266383 127.03973572372523
117.44263827131243 117.91122695822749
19.269416714470815 124.47436293513933
138.66875269820042 81.46192134500045
14.562533987893362 117.68609150647787
84.41490094589302 118.24200748741838
70.03883801479559 63.99935215148068
88.15067249921731 148.91739419930926
55.413719799329 137.85419410988172
111.84511878661937 24.139771332039306
30.167073972993354 146.03282974136025
111.1537228708766 61.810770923440025
140.66852972489082 118.64923143540732
130.9172303313176 135.75996886306268
128.15892003821563 139.8314518370775
85.26710989987986 36.321883428706776
17.15860395917352 98.74834413011234
87.906835463649 19.915615874009195
107.37339070295656 69.59991916190569
46.683982077385025 138.87912827899203
141.02121341049903 120.6989108121692
23.898457081100172 28.4239980287691
1.1114871399684145 70.27125130664527
114.07736316788736 37.49754557290373
145.38493796540766 110.20246992395805
38.5130490719443 3.8156077229882293
105.08131360308968 103.91932859843696
82.69018105952127 73.5151933002253
3.5688972933400565 98.84113587932534
125.95908001273637 27.332388901805377
107.1724902636209 5.439253088896984
122.24067158284952 101.40387699483362
30.710739599267345 109.63889167958601
136.12476441017878 51.59352618281387
133.64172658282803 13.972929959122599
18.055141981991806 129.43776856078938
126.06503742734515 79.09820400592241
148.14582298824195 30.570670619611224
77.79384769431175 54.71147756799991
145.9630309360089 86.92332685868551
100.35219346159312 38.912969720867395
148.9124812894121 62.590703722726694
42.03746858938942 64.17291785430265
67.92481873737154 94.42638811398467
57.48922345249348 25.431777556762032
34.32114772398557 97.97275193923213
46.801987747134085 100.83294249667568
127.11131398407042 21.97715433957218
107.79750923408643 75.1311394015684
146.7306096788117 31.60744166567498
90.22240865158071 2.0782287358590446
58.2134714458032 36.591378969961454
80.3586458224249 49.856256036664995
28.049242585105738 52.299894172158176
30.731018492099437 37.856205577653036
61.1348756390182 114.61572505230976
125.57830548419216 66.39753311626973
54.159178385711826 55.02432192685182
110.73974697699923 71.11185895517958
63.904601959563976 76.38796681587515
55.21916586939359 31.09404556705145
122.97506337160088 89.37659641491533
43.45463551721639 15.131553664273167
123.64622127588066 140.49740771286432
56.177593274464776 51.59075076677188
145.33935991231397 117.46243178698431
46.53352821380579 128.2555649870746
132.74923126903025 92.53844645597674
36.104996191592 14.624231433636254
35.172987015753364 137.22245727798375
25.78077647199834 7.075377986358916
11.012285806758493 118.67006496675171
13.613414279502505 30.77235399258182
112.82935704186835 42.771626532048685
139.36745412987682 30.198559265901682
73.46309355984285 17.52649612193992
3.2560597563708162 104.4762628208448
123.44160614173111 91.71908457993311
58.173116629127996 15.943322304909124
67.80792760757939 25.06919546234659
65.73722219993915 40.32861979973523
80.20727326189152 30.63582570977586
130.76506563954354 138.91673517267685
25.024277526384974 65.82770195147484
146.88213019928676 94.62018341142601
121.02126899292506 93.85106021240733
12.263430970399336 2.3347378137934474
61.483119008256246 80.64686303694705
114.7860096499843 124.44715460105326
65.64747122653743 137.58446448186032
24.885353491048907 85.15901785562073
11.172908690355692 125.54035949207179
23.26275577486564 25.305006908584133
79.71092285271665 51.060119932229284
84.31897179643168 25.655043985467323
52.095474313086214 38.54537062830032
131.2273195994211 132.02988306793293
141.19701789634811 98.69911258604299
50.24784407560116 115.81735765911212
21.714391036092906 131.58058835307332
41.97208173247048 37.19674098425415
14.860786115550633 42.75149605414179
91.32879460654858 64.26252582612119
42.45965629418348 132.2298382487644
93.43613795861668 55.64403404092517
119.97873955648163 23.80436338800056
44.72123419978679 88.65696843143276
99.72785423802218 126.1058436267246
80.51761268871037 33.66767323947491
27.217459660600678 137.4916062697845
97.87321812868977 72.5261387976061
81.56519371883523 83.993688455882
73.24278515329956 16.612621135393034
41.04751776166961 139.43201783066988
25.689667103292784 65.38335542595317
101.28124320802765 99.33091049281947
110.18197277283822 149.08847967742653
15.097999332141521 136.9360287433135
29.440394831645765 119.52089322227228
131.61428996912184 110.751117072684
44.890813335942994 87.84603023122015
59.12629911758239 35.347680289571876
144.81063527432048 41.522691480246614
31.75475547023721 41.40037510303757
104.35672188037948 58.47466533948647
77.86955012063144 99.02693441580467
15.354111861844721 41.587381604953386
96.5312257226774 101.53062299948554
82.4440170222251 33.516255068759044
33.94846671066061 11.928756496564347
64.27866604710502 139.09211636263262
100.3740709141279 73.48170845100931
138.15732269181365 1.3389858942510935
49.211064966206095 130.4989513140483
91.9768423228778 28.48197933751027
147.29483628768077 78.58363351976955
148.18160515012664 132.17534508374385
51.433078506117155 112.18297836369702
79.00877441633624 75.53652132339836
122.05498667371486 113.74297308801044
125.60827320565465 130.1013207143289
86.13370542582595 76.23260832654633
34.35213666514123 0.3443414522829702
16.945707911675413 141.52233582229482
62.02057641249906 87.41962793751202
146.4195478830071 109.69648945549524
46.653806642868545 59.90835015430272
33.16104138211665 71.37926368581947
28.187518441732202 80.90762276152361
77.23646835993313 70.49432541921038
121.95040427863267 20.208689009490854
25.619590421114435 81.40070755612693
129.50440956312798 117.70127199284686
84.18835991544977 11.300554474055508
24.869671378974033 54.76704696642415
25.275646554357134 99.35187230765956
56.01914377056184 102.20949292872218
21.173601234660243 102.60210781185604
81.68215829247389 124.28549996182001
33.45864033637819 89.15287613970973
93.39706919640234 104.38875901489476
95.49432816091402 70.74596115047925
102.74260312168121 79.77462722818917
38.590301524587076 24.004344150525608
120.50348699393544 13.955935986293467
113.81036248890479 87.05592338144889
88.84276361591314 89.74015284300488
56.752026464360064 120.30282087483027
111.42143311267888 64.6778066429661
47.33901797467634 97.17417678944057
100.79243572347289 70.4640011560562
44.01047562822459 107.21935315252792
84.6736503984645 107.7488446637257
70.04373314820847 15.671899579043668
94.15278022336035 147.1950543046119
20.157455116426437 15.35951964691758
0.18120323674197247 3.4543142654349213
119.20884446412401 129.67432003730494
1.4660140050790915 93.15659864285186
30.580697174822767 84.28060681444971
145.0675487896213 35.81381260020506
93.7645567860715 106.75934259570069
82.55794507096942 82.68187596134122
55.35521736183331 112.81156208563814
72.80532461759131 85.7109333108362
92.00544986785863 86.71500453265942
59.534764785535366 104.50581641028707
2.330422843880353 58.103721922608244
116.40450043251307 24.13780593105681
96.93777101158256 3.8796737135984416
6.952865648340106 61.27040362937685
93.98626517298617 29.135334319989447
35.354031473898765 8.618731651776685
94.39488523707824 86.74013400865128
29.310516258694246 131.64291815450744
26.142223696642507 118.00019893835866
27.855464496908784 82.62527077442263
106.27721317193053 14.226329163523344
127.49246296491867 92.10058083220503
90.22593116608381 67.73078937874479
94.52552357921212 89.85562577791876
138.8021911459096 23.717688742189765
133.09361273586273 136.40189160739897
109.74391396270049 88.63853397140747
127.19593975586336 122.62423879512129
33.491601981388236 64.1647195425423
124.65527385504363 42.04433794781111
145.8448088518165 6.198920663908913
66.70239083366022 26.293056022588722
16.777936953368638 18.9305907425173
132.76738797925117 64.59984746143299
26.42610403267014 102.36653687015927
76.63066278065858 29.67397793521474
22.57824593814688 36.97125152714271
41.722620226364185 42.72371622851401
148.10840027654956 98.87495143045052
115.87679266899838 14.642510326456708
110.96322728941493 107.79867304557284
103.95306538006069 18.849538959106276
140.5868049333448 25.55893793215944
11.579067854812436 126.82577842790398
