1000
150.0
4.45723580510077
4.287304214535433
3.165059728374891
2.917836953427434
3.457988175426141
0.6175747093237011
1.9184528320684247
4.944777811033625
4.768614307581855
1.8645471860200562
1.3192467844557538
2.748474247851314
2.272250328170597
3.1058430694505583
0.01622231293579135
0.12845373689164719
1.933861546573072
2.764838673646599
4.780627228920898
4.419134588418121
3.889210996262321
1.0429991628007755
4.469031674650741
2.2004623586225653
2.691047639289539
1.027064832182597
1.8344888852815626
4.064546344606484
1.2043059776642107
4.966053123485871
4.1587498116875565
2.5665629956136793
2.6899579000240665
4.878079954105475
2.0230051272235223
4.075104308797109
4.508761638283967
4.405793869708094
1.2231063812334781
0.4178153846287702
0.6115036702404741
2.6917546595475974
0.8674432538722282
4.992578841795344
3.561428696000773
0.9913757453853134
1.071631896794789
0.38266682022706944
0.2574088577568512
3.7810932751081494
1.3838923148465683
0.4761980061078558
3.793000592125057
3.2532076573866453
1.138476524792
4.645897287015652
1.9968909521900258
4.316388286274967
0.34172617669687655
4.6945730723176835
1.1543370894209637
1.5421158806906166
4.446324055605224
2.0148911902533655
1.2070547809183108
4.912381405953624
3.464023601413762
2.7489340027322218
1.3706092840992734
2.732745389410627
0.3056211899418221
2.6637047569857013
2.593720119666672
2.677400149675267
0.01916146387951123
0.9831448133606391
0.6129870061865256
0.6291729349091768
0.7233403628738505
3.5353973789525956
0.529398329980445
1.7674371130476296
3.5028019476260592
0.2859686593978755
0.8495860995296795
4.240696840704326
2.3454952405890057
0.633095559666626
1.7951394729678716
2.7381433379652096
1.3594909261054693
1.741048484705281
4.387394953967247
2.3457739414221312
0.007627298467127175
0.6802588917435992
3.3629680890627234
2.2377015102798232
2.9430874375143445
0.2300751293747033
3.366898488731385
4.012072696064951
4.217482205744001
0.8806169131474928
4.105625330644079
0.8335509342410663
1.165241795654235
2.844609369165443
1.2211187733473667
0.9906110029513115
1.1440951331796918
1.75824407051048
0.5703376861741943
3.0159295421201633
4.531142431133978
0.21202773199121783
4.360791267405886
4.1519459212049785
4.937503373717021
4.3082431655590305
3.2033298709328166
4.671204996085435
2.5117493406721696
0.09106091217944479
3.5973940400823645
2.38238691813988
3.453305206282905
3.938505518635173
0.6618012661921147
4.567961146571248
3.451732785942476
3.8423925042645064
1.0657512977116046
3.6081988415901343
4.7062835789826725
4.933016697974917
1.1000845622447635
2.6488100788164344
0.46233679610062695
2.629788553417943
4.657926680393901
3.8657652307034573
2.6273135045871854
0.41717571345677606
0.5667053538300038
4.170898209735318
1.9983854076306455
1.4572244149314546
3.2301282892403145
1.5856783505117118
1.9477722288506272
4.055597603816581
4.899060635565063
4.988074319864452
0.06865063685559836
0.39748020216659463
2.0943419110615924
0.5087280911659003
3.2856701332361826
0.9628681728582961
2.752436920330607
4.517689211893991
0.2788019441426737
3.6176707565935096
4.556411980669753
0.9017551113209848
0.7577217678636244
1.5577178606776871
3.650084400848592
4.184996109872612
4.156153093156936
3.057182201643565
1.5122896905761456
4.991339286223634
0.6915756095553766
3.3410860013730566
1.191067616630868
0.3881185476155691
0.45542918167868596
4.8634802316872445
2.364165292310509
3.7832909634037692
1.2624213074957047
1.8285425650186031
2.8026102758826985
2.276557356349302
3.3947694865684634
2.9412622351150794
1.7682058245370875
3.685914186624957
4.128192825115108
3.117535990418514
3.6736541357460006
0.8862027923170085
2.0211853603688428
0.2204192596497434
2.9756139338349104
2.6050111418809414
0.3875873210487357
1.8199375219256981
3.7563492551903463
2.423822632067654
1.1546935532457274
4.498278391498066
4.778730029146685
1.4285953842185495
4.435116054365441
4.340348682439429
2.9721954866836295
4.743993580004434
0.6103420743428295
1.9615936798865623
0.3238926534524339
3.0692837324736217
0.5374100998956255
3.730642407624502
1.009553824802036
2.3114452140403197
0.6473475878946322
2.7437539061621448
2.3027798724658792
2.482335023999533
3.2049950354390164
3.6012054047887547
4.349245652518977
1.1917858628463822
2.8445639541160155
4.12267700538226
0.2839468246800275
2.327304685152389
3.6837569023928003
4.819351032115755
4.404959211137793
1.8635782621831116
1.8514996063622413
3.214858731770956
2.1962807796967354
0.19128342137117782
1.1403164700547685
4.975371342023688
1.915182563953664
3.8947336014894507
4.714103337324572
2.2710451897005957
3.2260910470879844
4.541689541410504
3.3655307896335547
1.8466971000595174
3.9733804797114947
2.7761937826236354
0.7245365210313559
0.9289973803692897
1.6395527357907713
2.82658325681708
3.0703412661418756
3.340634385846543
1.3331346922097338
0.45587009214862195
0.9941514551785519
1.0288170505576195
2.2922238296987913
1.390471167356007
2.098186153870674
2.6461466247473284
4.874966713003316
2.365806209158137
3.198893366271784
0.8463023289108518
4.8373529030722
3.1235710243644577
2.1281974859310497
3.575150768518843
1.3715615732215087
4.985536022463217
3.1963460973800455
1.8498015793134615
4.8946981707744355
0.01250390240460253
1.6934000827915403
2.323796659886293
4.938110442108067
4.234603396824308
1.4636393562592493
2.33603488812472
2.691574489152206
4.010383908446305
0.5881311229286229
3.1341971444724983
1.8044927707265324
1.2372133562204173
3.55543594177092
3.550351205060243
4.937848965314748
0.894273564779795
3.9889008634973377
1.5870799394131567
2.296014157551661
3.251983649232626
0.031219545816155714
0.14689081525857794
1.9466022004103851
3.027973244002414
4.862911094241846
0.5058276672548451
0.15942166472400654
3.8097647861760455
2.5510996488120856
3.094121050559008
3.262176010920985
3.198114394154468
4.4884514282650825
4.7023761331435345
0.6209124464124888
2.352498369874303
4.089353249114191
4.381213688183861
1.3073236477440064
2.941524224543124
2.1613919872811866
2.0454392283043186
4.812856337727818
4.916080505859029
2.4649229618968596
4.130734887830836
3.811183990382048
0.03183162758228941
1.4119901635311627
4.581529084956933
4.455950761576092
3.650201864774866
2.638088284916196
1.9731131723892914
2.0297968163437914
1.0432819699345086
1.3062325864357667
4.689240946001927
1.9335259569393126
4.218130325955712
4.472530945024886
0.7883573091144003
3.0208781271317546
1.1597305655357188
2.6559274057157642
2.49727021978209
2.1447204878469996
1.3694067691243383
3.912011681656655
2.1704906023014896
0.48457453081879154
4.646783395111466
0.21177036598644672
2.0466315930359307
3.7732442542146494
4.228422364619784
1.770877034217257
4.22017170340803
4.931916072370692
0.6550521653035224
3.1635981081759095
4.927548752681974
3.8584498951358075
4.091845805689192
0.5876166560962809
3.5209700515404223
0.1926842392897321
0.27249588554707993
2.5220528060733365
1.3714823916294272
0.805428427446106
3.7778687214897912
1.2406875988212223
4.404764895413054
4.524416657152008
1.9938138578961868
0.2058716106096964
0.028767545198458144
2.220851537515025
3.820240135776378
2.2758260518152307
4.861736419478705
0.8342647183256469
4.024861848155684
0.9090245258893487
3.912326033447595
0.2112749907263506
2.050055713975504
1.1440640616141535
4.70041811160229
1.7754243545911474
3.0900583079211468
4.071916089473033
1.237925465773428
3.030626135396612
4.358273594944288
2.7996713062223524
2.8132787832183164
1.7298585438838106
0.6607499199405958
4.530870718387525
1.141452110449126
3.213591194938275
0.6819222893447568
2.357239560221625
1.6533034911027316
3.9390298619814685
3.7725065774020514
1.6701210049172426
0.5036659934760196
3.581622307531842
1.5069732232425763
4.757128622461112
3.277040989388599
2.2943616321045774
3.8493117540523185
3.1505168492492466
4.362908993934739
3.7582833971277916
1.4308429245733496
0.6384934653579727
2.559588041290462
3.549147585126696
3.202619381579458
0.5391746757739985
3.646232102288867
1.080652711627047
2.5774963507511606
3.869110446314152
4.436977883890688
1.9636276520398488
0.12324546359141875
0.41428502989525273
0.19941205003407292
1.0435013728312263
1.9081184039721866
2.4312212599448326
3.2814426166591266
4.644948870050225
4.7340624506323365
0.769298286439204
0.3463269416656428
3.6629667053339405
2.7203235306132525
0.6126142225103243
3.765017887393556
2.0937303278003068
4.021465685903159
3.7907057606878607
4.458157185802576
3.3964385341043917
1.8788714571065113
1.7021606359244268
3.8169579698716087
4.718951317357399
0.71358043041584
2.333636437414521
1.2628820642463139
1.505378521786151
0.5708579528617586
1.639026158007129
1.530431879328749
2.3328803891188583
1.9231790380180935
3.669486795210835
1.8755417003322443
0.997788984575923
2.628349603940126
0.31477421854953447
4.123966571143312
4.887765110573336
4.723275485166331
0.32980368071300115
4.779730108739181
0.5370528595800067
0.7114310782687394
3.477582488193056
3.31310865115415
3.9660002623212423
2.073367012148297
4.120637896281104
4.240791211530423
4.953860554708104
1.8946338288471813
4.43778858287401
2.697771052773823
0.7854946820756747
3.76429235306011
0.6315875989223674
0.8811850299606344
1.2479453167492771
0.44971460397662977
1.0239862716059622
4.02073577404676
2.731953707736063
3.2996732937540725
2.813751446439417
4.398492323290531
0.21634363100067444
1.8677533442618677
4.488889003650316
0.4027787945391975
1.679797467508668
2.881910338913575
3.4508075711091775
4.656528199652005
0.09490038819577495
3.413538202117681
3.314180420972659
0.9098879299341817
3.613432675971344
4.920699488241766
2.597440291277361
3.6300315918482577
4.849737530024044
2.7552071517711454
1.1135707209450285
2.0580422401629654
0.3105980722980045
4.7320407911616105
2.3093305294154693
1.9334005643380143
1.0054048286545592
2.4621144097790286
4.083277082328398
3.111020135414479
0.09949993019438219
0.3457054937494902
2.238930766691063
4.9139414991283985
3.1464315488084083
4.413891320316352
4.699147056748437
3.2767066957522655
0.9514594521411779
1.589131515977404
0.9212422534846793
4.540101568031989
4.478997685045327
4.413668993932755
4.609643846504013
0.15736820549731967
0.42078784419682935
1.8657167924478235
3.823812884465444
4.5651520547249
0.0894434110506559
3.54843291282624
0.9239125571860002
0.05936274172560152
3.193609878127606
2.29547667567049
0.48517558107423586
2.6967934614304228
1.7863362904048552
4.089477573641917
1.3441451166000666
2.0177552278205853
3.257353935038556
4.136037878044542
4.315945627279355
4.753148361790257
4.662813283746843
3.975929629958881
4.841463581770348
3.641306424728963
3.9526264687994637
1.651933624226229
4.886794380014844
2.035613046506557
1.7659187781940138
0.17430913284186889
0.8245405313460713
3.1333040845953635
0.4191919754302986
3.850172080263687
3.777520147099324
4.399035227168444
4.5096545190902155
2.457096474804042
1.0001742162783618
3.0937047335958106
0.1977743578306551
4.750045376135117
1.3114337658041875
2.7496882115468573
2.718462930714863
0.3932751943511098
4.375039364010581
2.958056208543836
3.99940021322411
3.1051473020112446
2.7492776259593485
0.9515076609313844
4.437860413829629
2.593817985682808
2.097829260139765
3.178667588696733
4.904002875681337
3.7455702358809533
3.7668971236286133
3.371062423127154
1.8989408028442685
3.5050855864342036
0.09101138114990637
0.5034971316235975
0.5000047981135702
3.958248153515166
1.2908839970480184
0.5417270045486366
1.2734670978470657
4.293107042872843
3.6714125374507987
4.958226232920054
3.726597739399608
4.573416464672392
2.016408556455362
1.6775237105084555
0.10627012691241833
0.6117100196058273
4.608853676907704
0.38698752268681413
4.430440240935995
1.675154669704243
2.1814614143442435
4.017104662094168
2.5616731107478112
1.2974697649715428
2.322052431511023
1.6572176145014677
4.8984892133174665
1.1039843313507658
3.421722286564393
0.22834138345500243
3.87066126938046
3.284446330492707
2.161013520118351
2.8841009434200138
3.878686272277292
4.169486754009081
0.7802751669500063
1.3539909385456954
1.6155144371174686
4.281677053690626
4.9751230410084135
2.280075469507855
4.850216650422966
4.2409134985645185
0.19638815370301432
4.028907987530061
2.7386216392152827
1.0063952064889314
3.416168667077319
0.4848677637709581
0.5550597220220665
0.1337550563903117
4.047577267465913
1.9492703635340214
1.4121969748496876
2.015941632242175
1.675501665657924
0.48152680012367055
2.0525494516614717
3.4602375696024916
4.569172725575591
2.8242879497326676
4.155614903005359
0.4313400128472289
1.604561973481784
3.4539251251039
1.808664213816677
3.361718173835349
1.2256060811102099
3.290863463289454
4.8370840151059085
3.095502179190945
4.417982658546402
1.1911957976495746
1.5817642569015051
3.29094389598802
4.357637771554765
0.5216727282108202
3.4463775772679317
3.959034516173934
3.428494217096306
1.8945739569115956
2.1164952530065717
0.7621465085998069
3.679742703386413
0.5071350925440193
3.775340559299361
0.7366129558981277
4.512847458919353
2.49211286328042
2.907578106794854
2.2369403222144535
1.451874050704538
4.241741311211108
1.392891098049505
0.12689533783088902
2.257971890141
1.8167408491628
1.5452014158530476
1.5639913313303637
1.3998226334363406
4.295208097043672
4.551234510356234
3.1389405294313844
0.986591066179871
0.25313047754902174
3.4037381343244917
1.6404280853111626
0.7083917924725919
0.49892818868026545
1.910010895188663
3.318101931212005
1.1115115632770318
2.7088471272181347
3.685502273328783
0.2129610234729401
3.661605015505618
4.72818428107436
2.2150925403327237
1.9143657655489088
2.5178046943294112
3.0152454341479906
0.08126730175257335
1.986680831987111
1.7541672367525463
1.010596449585754
2.318751018377989
0.2861014379383686
2.922100858442348
4.1135844215091675
0.559262416192805
0.4595031951145684
1.348396580048146
3.4412706310922747
1.1779135028615073
1.0821929916555695
0.4082139735510615
4.631827028347682
2.0443670397852647
4.150229790604905
1.2008457921096516
0.6351178303476179
3.717225246347673
0.9955212914454303
0.588315173720867
3.707595800658135
1.9992216931035807
3.138193162546713
3.43283337646046
1.6968125463447397
4.693638235587635
4.130764578844696
0.08887482235077404
2.162751386274781
1.1689745165273364
3.082455433261439
2.7691008808473745
4.938858857564849
3.9492447909295043
1.2794868485003452
4.310591017061894
4.385063324855069
2.001381326494129
0.1385284502738987
0.11881750347826903
1.828233219664952
0.689074225224825
1.6454824703945263
3.661524270794649
1.5224422703276526
3.503978447781326
1.4405852181932195
2.823149253225819
4.892072973277549
0.6705716646786847
4.81334594854753
3.712655390056226
2.8452018332278186
4.550047284566541
2.0671300997786175
0.14361103515644125
4.562878535141241
1.4414779291998914
2.0032356508909333
0.9750879857286981
3.3818184724871605
3.895089015595818
0.6580978222882777
3.8154228080849
1.1936992015584336
2.012828792387644
1.9047996185714662
2.248111408033457
2.1836595985043172
1.4155284879672352
2.1013494066851006
4.740085317040202
4.723769457064692
4.603792779481427
2.6332335187235345
1.7373446842456186
1.8241467151887725
1.331365434088626
1.9565332304053418
3.1413967336077437
0.7250672446749723
2.3450659351692806
2.600438513694821
1.3921802682391848
0.9878242470922649
4.424492719616456
3.534281539185175
0.7591275324255836
2.8102595632222527
3.07754312936309
4.34424676383001
1.1617453864888954
3.2548011400901395
2.5143994116584323
4.798709240293802
4.904573111407554
2.6325080029937804
0.6329825819496276
1.6086866953867118
2.118599752356651
1.4360355464510515
4.70297789075915
3.511185329921043
0.4522022662820524
4.957599249904343
1.2333853725472603
1.2182525841918705
1.649390227256169
3.064929421987043
1.1501540998029518
0.28334449487318003
2.0916213622953483
1.538871716548541
3.895805982977689
2.5391504748540306
1.1616781085328038
3.900704351950771
1.392059296536548
0.45730890604886665
0.4140707117934228
3.7754063478566446
4.9793141856194385
3.570487556590047
3.0061610010096036
2.549024502049344
0.4634608754765218
1.9810874830785563
1.657675347464057
0.3839505617747019
3.260826448767924
3.958374072502275
4.5635051383010445
0.5553376759654177
2.336174313941697
2.697122461334745
2.1856650235725605
2.5650429629115656
3.176525719305597
1.4759067087570832
3.6950097755693982
3.5764027226878836
1.4351705669729198
1.7119516955364722
0.021785821237370606
0.39380931694253773
0.11558846161215552
4.762001907201362
1.006319184549041
0.48547036348800643
4.244102120720213
0.7649556743386071
2.017119344918894
0.41589783349420595
2.9029371797189674
1.362048234132388
0.6234042822955882
3.5165889973516924
4.261962438841805
2.764157270347437
1.4725297627523686
0.6790211533092444
4.857738158454459
1.3633460624932148
2.430029983278717
3.803502070416014
4.822600558631762
0.9070435352292028
2.290957099336801
0.6805764029241151
1.0643619427794748
3.1683044080140887
4.965928853412339
2.9186067428284264
0.5388082908826497
3.054378793698904
1.983775431735928
4.961809706830051
0.7425267753470799
4.198361276674015
4.434898459492591
2.267441965945825
4.382698390185792
2.274976520663772
2.1054346580735848
0.3289954400160833
4.853341654669052
0.5715997854416754
1.522042284832149
3.444175517027361
3.66409372012583
0.7293994415732402
0.9406045267323276
2.932098063727706
0.3279706122809489
1.0470251098182093
3.9693720888490693
3.9035583651084793
4.418644699737992
0.31055776168851357
4.51804082488349
2.6813855979941366
3.5556340144712184
1.7784743338765447
4.108991395134156
3.554814164323674
4.967395092937668
4.709171127274555
3.275389769401413
3.732463505080348
2.0176674811378694
4.671125113136555
1.8030772779498927
4.132935191344747
0.6595139115784304
3.822066943889513
2.9491530693403316
1.020198447198759
4.204357170317498
3.383573773107531
4.489881361030738
4.452850027257558
3.059912711537154
2.671280990050522
4.514028846209892
4.071998420209681
4.201268705441818
2.268451473299141
2.284966937867506
0.9019349338434268
3.0934671328165364
3.251929784954161
4.245849651881977
0.5809213716015132
3.581790468270363
4.794545669518204
2.3369019725056366
3.7763350814049246
3.9075606592120913
3.976824485579506
1.2323351172977044
3.469077649639793
4.492608124772564
4.243397255138889
2.886625895868453
1.3165669448028634
0.46467030535066844
2.635793648436584
0.9058781993802101
1.4217977586767538
4.068830846137546
0.723341843509473
3.7297099938881226
4.547867838579723
4.126712392912092
0.03768429601204437
4.422584161196877
4.123032369385308
1.5654866509784031
4.793962927227142
1.03073015927218
2.2807633490427657
1.7428677140590454
2.753010299555486
4.961780395959874
4.672453860987846
0.8421062505751131
4.243927350847833
0.6889683386683537
1.8773214281497974
0.002603312564211646
4.625215618360213
3.2702165651848047
2.9147294362347056
